#|num|weight|mean|covariance matrix|
|0|365.788812122|-36.2203051061 46.5620304428 33.9858780838|11.497081443 14.3029722703 1.66043154059 14.3029722703 18.1325205144 2.10657546251 1.66043154059 2.10657546251 0.425151101199|
|1|67.0781432235|-54.3410949527 53.9684426905 4.48351255182|6.07756640645 2.13927507856 -1.06729776431 2.13927507856 1.21756789238 -0.818550903101 -1.06729776431 -0.818550903101 0.61156105647|
|2|22.3597231834|-42.2963562012 69.4665222168 13.9932117462|0.001 5.04870979341e-29 -2.01948391737e-28 1.66607423183e-27 0.001 2.71050543121e-20 -2.01948391737e-28 1.43670215507e-20 0.001|
|3|89.5055682992|-51.6781623417 58.6380868447 22.1469795714|0.499812210267 0.579484587812 0.830348422966 0.579484587812 2.4444043456 1.58543647006 0.830348422966 1.58543647006 1.60635395064|
|4|67.0792327503|-52.743608695 35.0504278122 8.35433793195|3.93423470847 0.897676025663 6.00553201987 0.897676025663 0.237253001197 1.43526700934 6.00553201987 1.43526700934 9.3037938379|
|5|22.3597501266|-45.9558525085 56.5488471985 15.7434091568|0.001 -3.11647005323e-14 -2.57604118498e-15 -3.11647005323e-14 0.000995953654162 -5.42101086243e-20 -2.57604118498e-15 -9.26565109923e-20 0.000995953654162|
|6|0.00182627908358|-48.6844940172 48.6156730639 20.1312580103|0.000980256297026 -6.47117227683e-06 -1.07001733439e-06 -6.47117227683e-06 0.000997295578496 3.1777652011e-06 -1.07001733439e-06 3.1777652011e-06 0.000978602771311|
|7|44.6972467183|-49.0551801672 51.1741273579 15.6452787041|0.103009900664 -0.0200194771077 0.052958101018 -0.0200194771077 0.00461109291136 -0.0103639906414 0.052958101018 -0.0103639906414 0.0281264290035|
|8|44.7195002532|-45.9571170807 59.364107132 23.6452255249|0.0971679742846 0.198679004657 0.336569397751 0.198679004657 0.41137584146 0.695210821348 0.336569397751 0.695210821348 1.17869295956|
|9|22.3597501266|-37.1165962219 47.3404502869 17.7367229462|0.001 -1.31266454629e-27 -2.01948391737e-28 -5.04870979341e-28 0.001 0.0 2.01948391737e-28 1.03943530934e-20 0.001|
|10|22.3410343375|-49.3533706665 49.3140144348 20.2811450958|0.001 -2.82727748431e-27 6.0584517521e-28 -1.21169035042e-27 0.001 0.0 6.0584517521e-28 1.71089701269e-20 0.001|
|11|268.394691687|-55.0995018894 59.4212689703 17.6047078664|2.03233262539 -4.83940863639 -2.17427041273 -4.83940863639 14.4670702901 7.25914290774 -2.17427041273 7.25914290774 3.83969931817|
|12|22.3597501266|-45.9051322937 49.8575935364 15.4142799377|0.001 0.0 2.01948391737e-28 0.0 0.001 0.0 2.01948391737e-28 1.1392859147e-20 0.001|
|13|152.253014008|-46.7608892112 53.1048016408 6.71295144375|0.50315941134 -0.494237038517 0.541371856787 -0.494237038517 1.14718419 -0.940462866656 0.541371856787 -0.940462866656 1.06007047288|
|14|168.538725233|-57.4033084435 50.140841561 30.1919735127|12.2657099191 -2.30004597667 20.6355433769 -2.30004597667 0.49753765101 -3.74171598684 20.6355433769 -3.74171598684 35.5255592853|
|15|224.251064726|-31.9684802673 46.925923849 29.6696913189|5.17520854365 4.08280351726 -4.0786010442 4.08280351726 4.15280841663 -3.37407690479 -4.0786010442 -3.37407690479 3.29166391487|
|16|44.7169342568|-33.5256874401 66.2879480386 23.5277122254|0.0404326934529 -0.0100343644411 -0.200982849135 -0.0100343644411 0.00300112300625 0.0497732682253 -0.200982849135 0.0497732682253 1.00792241243|
|17|156.531897106|-52.0119958007 51.5997888258 27.7640529794|0.704529279576 2.52027238398 1.34424813513 2.52027238398 16.8436104336 7.36600821067 1.34424813513 7.36600821067 3.40428376015|
|18|134.158500759|-41.7543214162 58.1054763794 21.1111170451|0.367838653913 0.0805093919723 0.0652562784485 0.0805093919723 0.0402603223978 0.0281570139474 0.0652562784485 0.0281570139474 0.0507567530421|
|19|226.382223893|-36.3149354283 49.2858373428 21.7518071721|9.26242076452 5.86196405524 9.33940682125 5.86196405524 4.16509125865 5.07079130984 9.33940682125 5.07079130984 11.0984863889|
|20|319.004452353|-56.5166534627 37.8029063693 7.80491024912|7.66142702526 -20.2420605808 11.1462431651 -20.2420605808 54.2208712336 -28.4553263802 11.1462431651 -28.4553263802 21.2554678681|
|21|89.2904266874|-39.56804166 67.212796922 22.9455220997|24.9522960578 -3.91790190608 6.35944035854 -3.91790190608 0.745087309116 -1.06698873212 6.35944035854 -1.06698873212 1.66258439779|
|22|44.7194956826|-35.8391742767 44.1767921414 19.9775667168|0.01703143656 0.00879516738538 0.0064998374969 0.00879516738538 0.00582814984687 0.0035663125616 0.0064998374969 0.0035663125616 0.00363790112302|
|23|195.163127022|-34.5654923543 61.8955439868 11.0719293331|6.65595346259 -14.3205146149 -1.06385795081 -14.3205146149 31.5370928005 2.19035907997 -1.06385795081 2.19035907997 0.230805723742|
|24|62.424262172|-50.1349893085 53.3022447739 11.6087431516|0.454816886745 1.75877184429 -0.0215398282851 1.75877184429 7.00431471456 0.125027424333 -0.0215398282851 0.125027424333 0.234286158919|
|25|222.368673451|-57.1378558928 60.7345288574 18.9835765441|3.17928960191 -4.96015655102 2.70107892423 -4.96015655102 8.98476538716 -4.82421732225 2.70107892423 -4.82421732225 2.63210374675|
|26|22.3597487798|-34.7779998779 68.3837738037 14.1192741394|0.001 -5.8515274864e-14 -2.41840536609e-15 -5.8515274864e-14 0.000995953654162 -5.42101086243e-20 -2.41840536609e-15 -4.44773394637e-20 0.000995953654162|
|27|0.0191790444059|-46.6709136962 53.362297058 18.6009254455|0.000999999991813 -1.20016623912e-09 0.0 -1.20016623912e-09 0.000999824072483 0.0 -4.23516473627e-22 2.64730883241e-20 0.000999824064296|
|28|22.3597497475|-53.9114570618 45.0578231812 19.4024543762|0.001 -4.03896783473e-28 4.03896783473e-28 -4.03896783473e-28 0.001 0.0 -4.03896783473e-28 2.18349791816e-20 0.001|
|29|0.00555197243027|-48.6844940181 48.6156730648 20.1312580107|0.000999868306424 -1.70559793964e-06 3.38813178902e-21 -1.70559793964e-06 0.000977910355159 5.42101086243e-20 1.01643953671e-20 4.91279109407e-20 0.000977778661582|
|30|65.4411655856|-47.1806113469 67.8025355056 21.7109270445|8.27675672947 6.68968039658 8.236289976 6.68968039658 5.42636161832 6.69795938149 8.236289976 6.69795938149 8.28881626131|
|31|132.104442496|-36.1832622103 63.6689998308 28.9286087322|1.58283115255 -0.73064539488 -0.896647332294 -0.73064539488 0.562705805609 0.615495549351 -0.896647332294 0.615495549351 0.70942720164|
|32|0.0014224441808|-48.6844940169 48.6156730635 20.1312580102|0.00101950973376 7.41009045314e-06 1.74237380856e-06 7.41009045314e-06 0.00100399222426 -4.34708285772e-06 1.74237380856e-06 -4.34708285772e-06 0.00102145765279|
|33|406.034697958|-46.2097496538 69.6463689193 26.0915412858|16.9428884366 5.58735318087 -1.25665097153 5.58735318087 2.18010758922 -0.392990376124 -1.25665097153 -0.392990376124 2.65908741625|
|34|112.36613112|-47.7633875961 36.7028187803 26.6534927827|10.0139986897 -5.35449474236 -4.81116922717 -5.35449474236 3.00248045569 2.57172053067 -4.81116922717 2.57172053067 2.40180496108|
|35|90.4777288774|-49.8573748702 54.752658681 25.8437565398|1.38984883568 2.37121978791 0.906705488887 2.37121978791 5.92391845825 1.88150215951 0.906705488887 1.88150215951 0.654049742141|
|36|179.483566902|-45.7166954747 30.4938171981 15.5967410566|3.13041378461 0.955510352902 2.40636197289 0.955510352902 0.3381076281 0.816513181957 2.40636197289 0.816513181957 2.55854865472|
|37|201.943723292|-34.1435732794 67.9316843901 23.6730322618|17.3650797875 16.0356910948 -20.1405687158 16.0356910948 14.8675714514 -18.5742325113 -20.1405687158 -18.5742325113 23.4689404624|
|38|1.08191279466e-05|-46.6709134821 53.3622968132 18.6009253602|0.000990345084429 -3.3772064409e-06 -5.20661145912e-07 -3.3772064409e-06 0.000998566452942 1.453933134e-06 -5.20661145912e-07 1.453933134e-06 0.000989359840614|
|39|0.0174037301104|-48.6844940184 48.615673065 20.1312580108|0.000999989228269 -4.37157492833e-07 -3.54533763072e-08 -4.37157492833e-07 0.000982141739368 8.67876805198e-10 -3.54533763072e-08 8.67876805131e-10 0.000982131108406|
|40|22.3597501266|-41.8247299194 52.9631996155 31.3857269287|0.001 -8.16202958572e-13 -1.21085589581e-13 -8.16202958572e-13 0.000945056912532 -5.42101086243e-20 -1.21085589581e-13 -7.97672260719e-20 0.000945056912532|
|41|121.920199724|-45.3076883941 47.4705726973 34.2818290194|8.99362694505 14.8670794652 8.11527892101 14.8670794652 35.5712976549 16.4589426426 8.11527892101 16.4589426426 8.17546199904|
|42|223.054057607|-49.9334947486 37.4732269205 18.2171989192|23.3426024747 15.8878816418 -11.6169552264 15.8878816418 11.0569034619 -8.77223418831 -11.6169552264 -8.77223418831 8.99770842343|
|43|66.792755677|-43.7746237127 48.7038111448 4.59754616533|0.261029943441 0.196805504188 -0.108824966339 0.196805504188 0.226648710193 -0.0967587709738 -0.108824966339 -0.0967587709738 0.0492456429812|
|44|134.09730321|-40.2663088888 36.2563573786 24.9626091498|4.01316311749 5.84115221579 -0.115257051442 5.84115221579 8.82188472091 0.0404753133697 -0.115257051442 0.0404753133697 0.188966947732|
|45|111.790402089|-41.0119206078 59.4409930997 7.43921382247|2.63205239136 4.49684053035 1.72953373813 4.49684053035 8.43016859522 3.40643934307 1.72953373813 3.40643934307 1.48023994626|
|46|22.3586090425|-47.7484283447 50.0106506348 19.946144104|0.001 -3.02922587605e-28 -4.03896783473e-28 -3.02922587605e-28 0.001 0.0 -4.03896783473e-28 1.41478694882e-20 0.001|
|47|217.636239878|-60.6409646351 53.2487265959 13.2612140756|9.94867655947 6.01013360502 -10.1927701961 6.01013360502 4.18658379129 -6.67507341546 -10.1927701961 -6.67507341546 11.0176918812|
|48|223.534172321|-50.8344445177 43.252797615 1.13388424681|0.672876506365 1.24353512592 -0.51710878312 1.24353512592 3.3211578848 -1.09886316764 -0.51710878312 -1.09886316764 1.1440004393|
|49|197.756349033|-54.4189178624 49.2092898909 31.1089758528|41.6456957782 -16.5580594477 22.8002812687 -16.5580594477 6.81646869632 -9.75759825407 22.8002812687 -9.75759825407 15.3386107284|
|50|90.8618091175|-38.5283369238 62.8258555445 11.2448652207|0.114133362175 -0.700672370641 -0.355137003393 -0.700672370641 4.8967883059 2.68363095771 -0.355137003393 2.68363095771 1.93105375856|
|51|44.6779147347|-57.7133234763 52.3594126705 8.04043087196|0.0187428330042 -0.0626377503835 -0.00919524448573 -0.0626377503835 0.220143153094 0.0321892823772 -0.00919524448573 0.0321892823772 0.00557304046612|
|52|423.578010624|-46.0388879853 69.1851523782 9.85223154911|11.7243651117 -2.37954262326 -1.77485890468 -2.37954262326 1.87516987743 0.578215317223 -1.77485890468 0.578215317223 0.39830704249|
|53|112.499485195|-34.9936398951 57.7447660218 21.9020381028|1.51387492404 -0.56173927531 -0.277440973842 -0.56173927531 1.48785517718 0.345803598045 -0.277440973842 0.345803598045 0.0983181660576|
|54|22.3597500751|-34.6840515137 59.499546051 12.2988557816|0.001 -2.53082791282e-14 -2.09195558569e-15 -2.53082791282e-14 0.000995953654162 -2.71050543121e-20 -2.09195558569e-15 -5.75581339366e-20 0.000995953654162|
|55|0.000102147947738|-48.6844939949 48.6156730416 20.1312580011|0.000973448931057 -1.0035184411e-05 -1.64020542393e-06 -1.0035184411e-05 0.000995414957947 4.22673708402e-06 -1.64020542393e-06 4.22673708402e-06 0.000970245571053|
|56|88.6722461484|-46.2310231021 46.8347292429 10.7754329983|0.549179356633 -1.80539787694 -0.0580480205263 -1.80539787694 12.4470151683 -1.99432879538 -0.0580480205263 -1.99432879538 0.76928106385|
|57|44.7195000875|-40.8730983738 63.9170646674 20.1798400889|0.0283393781949 -0.0387006894943 -0.025834950878 -0.0387006894943 0.0550046676067 0.0362198355642 -0.025834950878 0.0362198355642 0.0248579015652|
|58|44.7195002518|-62.4008979797 59.9408168793 10.5952467919|0.563128370032 0.892708878567 0.307904895626 0.892708878567 1.41654063785 0.488418094457 0.307904895626 0.488418094457 0.168820806264|
|59|66.9489420562|-39.0120329126 67.0303398717 19.5855331876|0.129281201627 0.0697656586718 -0.266476204256 0.0697656586718 0.158539392396 -0.418446306377 -0.266476204256 -0.418446306377 1.18010365839|
|60|44.7195002532|-53.4196968079 47.3600788116 15.9880018234|0.047269409612 0.235074107115 -0.0988384540952 0.235074107115 1.1937467168 -0.501517362653 -0.0988384540952 -0.501517362653 0.211808157992|
|61|89.4067223708|-54.8602807539 58.4769568728 25.5024674402|0.160972492423 0.733910347083 0.223177415084 0.733910347083 4.09014981389 0.26225994576 0.223177415084 0.26225994576 1.46662685831|
|62|89.4207355356|-53.0328125051 45.5514198436 8.16035700503|0.463366081739 2.10893365158 -0.0228469046317 2.10893365158 9.62030467315 -0.106674960032 -0.0228469046317 -0.106674960032 0.135494854737|
|63|0.492140951387|-48.6844940185 48.6156730652 20.1312580109|0.001 -3.9033728732e-18 4.13590306277e-25 -3.9033728732e-18 0.000999999999617 5.42101086243e-20 -1.65436122511e-24 5.1813817205e-21 0.000999999999617|
|64|44.7195002532|-48.401140213 52.8585567474 19.8550434113|0.00478954342526 0.0200103779335 -0.00731029698329 0.0200103779335 0.100280389366 -0.0363319301691 -0.00731029698329 -0.0363319301691 0.0140299218538|
|65|181.577612268|-49.4374553226 58.0999683791 33.0611208962|5.06071735054 0.132955152774 2.39779182562 0.132955152774 0.771016481123 0.23614436478 2.39779182562 0.23614436478 1.25726563944|
|66|0.00596025591689|-49.3533706661 49.3140144344 20.2811450957|0.000999914656008 -1.2321454261e-06 3.38813178902e-21 -1.2321454261e-06 0.000982211022429 1.08420217249e-19 1.01643953671e-20 7.32683499375e-20 0.000982125678437|
|67|22.3597500502|-41.7077484131 48.33852005 31.3501338959|0.001 -2.01948391737e-27 8.07793566946e-28 -2.01948391737e-27 0.001 5.42101086243e-20 0.0 -3.03282096635e-20 0.001|
|68|22.3589189285|-46.1997184753 43.9730224609 24.7457962036|0.001 2.01948391737e-28 8.07793566946e-28 4.03896783473e-28 0.001 5.42101086243e-20 1.21169035042e-27 -3.47206751954e-20 0.001|
|69|44.7175476619|-38.0645177249 60.1912765386 10.9994481861|0.0601170832513 -0.00451508063952 -0.0294869623429 -0.00451508063952 0.00133664692099 0.00225127089801 -0.0294869623429 0.00225127089801 0.0156978733854|
|70|335.396611307|-35.4709728313 43.12650185 20.7894872767|2.16218728741 1.422845677 -0.463223428412 1.422845677 1.16908487198 0.129070003223 -0.463223428412 0.129070003223 1.71207853019|
|71|200.879446654|-52.5076575009 58.3045917407 5.42342907012|6.49448548769 -2.39946781348 2.53312771306 -2.39946781348 2.40060450105 -1.3963869984 2.53312771306 -1.3963869984 1.2010497055|
|72|22.3597282714|-45.4051704407 59.460559845 12.1525831223|0.001 2.83188701615e-14 -2.34080785639e-15 2.83188701614e-14 0.000995953654162 5.42101086243e-20 -2.34080785639e-15 5.19239304681e-20 0.000995953654162|
|73|289.191756808|-57.3195650355 51.9134552289 7.50748858848|1.47900490405 8.81380724434 2.84871692092 8.81380724434 60.3891870388 19.0657932585 2.84871692092 19.0657932585 6.25359519829|
|74|22.3561127321|-37.8548278809 63.1816749573 14.9119873047|0.001 -1.81753552563e-27 2.01948391737e-28 -1.81753552563e-27 0.001 0.0 2.01948391737e-28 1.02344927615e-20 0.001|
|75|0.000599513415003|-48.6844940145 48.6156730612 20.1312580092|0.000941938984986 -2.24846109092e-05 -2.88049324223e-06 -2.24846109092e-05 0.00099021222784 7.31806563905e-06 -2.88049324223e-06 7.31806563905e-06 0.000934026240924|
|76|0.00697687603281|-48.6844940182 48.6156730648 20.1312580107|0.000999885773833 -1.46096468263e-06 -1.12168706216e-06 -1.46096468263e-06 0.00097025691563 5.51752634873e-08 -1.12168706216e-06 5.51752634873e-08 0.000970227413454|
|77|246.356126424|-51.0574233262 53.7868314695 27.771069947|21.8895340681 -18.1560001209 4.20580424947 -18.1560001209 15.171809337 -3.45413923051 4.20580424947 -3.45413923051 0.857478977134|
|78|67.3241090616|-42.7026127984 48.4329937134 20.1767928429|0.311650227856 1.30217871177 -0.480396939549 1.30217871177 5.55620217475 -2.27685751932 -0.480396939549 -2.27685751932 1.4599563827|
|79|89.3418177917|-45.5433282994 41.416415699 9.72327829177|6.9846140777 -0.791239465841 5.65040473296 -0.791239465841 0.0960924366026 -0.624968205787 5.65040473296 -0.624968205787 4.62901555472|
|80|402.4754083|-30.280856135 53.7622894638 21.0777666071|5.46626063407 3.03330233217 -9.709072827 3.03330233217 3.07636891477 -6.19494219345 -9.709072827 -6.19494219345 19.1131119759|
|81|8.24893274197|-47.9244728088 50.3186035156 19.5097618103|0.001 -2.17991742039e-13 -1.80189668402e-14 -2.17991742039e-13 0.000995953654162 0.0 -1.80189668402e-14 -1.05344762126e-19 0.000995953654162|
|82|44.7195002524|-33.3739299774 64.562664032 24.5666198731|1.63451831684 -0.828009602636 1.34375558816 -0.828009602636 0.420277534576 -0.680934805987 1.34375558816 -0.680934805987 1.10589957088|
|83|133.988565878|-53.1461579302 66.0941295568 31.0693984647|4.72964852028 1.22117045569 0.751720811576 1.22117045569 2.75791260196 0.421717103849 0.751720811576 0.421717103849 0.153618667243|
|84|170.545144357|-55.7753903158 39.1766940912 6.37170589213|3.94464392619 1.72368533691 0.172155266405 1.72368533691 4.52844325543 -6.41099549069 0.172155266405 -6.41099549069 11.8617333917|
|85|22.3597292781|-54.1764221191 53.9058647156 13.644908905|0.001 6.0584517521e-28 6.0584517521e-28 6.0584517521e-28 0.001 2.71050543121e-20 6.0584517521e-28 1.75884494408e-20 0.001|
|86|156.519218544|-59.199136524 63.2055650574 10.2860032479|0.107812670219 -0.153864157511 -0.107116674585 -0.153864157511 2.27446375812 2.41231299479 -0.107116674585 2.41231299479 2.71691555534|
|87|0.00254743754082|-45.5390853873 63.9139366137 23.4738159175|0.000977984267116 -7.4312659442e-06 -1.19359910999e-06 -7.4312659442e-06 0.000996873228459 3.44720291163e-06 -1.19359910999e-06 3.44720291163e-06 0.000975964864994|
|88|347.053531376|-44.3498254401 69.6491119631 25.3958685203|2.00184308381 -5.32266269035 5.3461473399 -5.32266269035 17.0851893922 -19.2684209729 5.3461473399 -19.2684209729 24.2286523497|
|89|0.760136368405|-45.794254303 58.4534835815 13.2526102066|0.001 -3.43213779761e-19 -2.06795153138e-25 -3.43213779761e-19 0.000999999999923 2.71050543121e-20 -2.06795153138e-25 1.63719247167e-20 0.000999999999923|
|90|223.802756815|-38.5569367492 69.4669837052 18.9079142214|0.650477632274 -0.339820192975 0.905892743482 -0.339820192975 2.28793355019 -2.5327589579 0.905892743482 -2.5327589579 3.52619272055|
|91|89.7268232444|-49.6637516005 44.794743366 15.6761667736|1.74811451074 -0.00214687963646 -2.01640120855 -0.00214687963646 0.0436457449969 0.0617407108999 -2.01640120855 0.0617407108999 2.63766951993|
|92|44.7194121588|-33.4104314783 52.5461456331 17.6630605035|0.0847623543481 0.391831812411 -0.466642616468 0.391831812411 1.83394954413 -2.18290691065 -0.466642616468 -2.18290691065 2.60068016896|
|93|89.4301411565|-55.3835903903 41.3702508767 19.9095907711|0.512561254418 0.389215371811 -0.524989260974 0.389215371811 3.02491887511 -1.98169554987 -0.524989260974 -1.98169554987 1.45787130324|
|94|321.632260794|-34.747751597 50.1156531863 10.5337007053|10.270888408 -0.576848636148 11.2850764942 -0.576848636148 1.01605815755 0.0165077803383 11.2850764942 0.0165077803383 13.140813252|
|95|110.216225282|-45.1819510178 43.4035591811 25.9913171171|0.789456568169 -1.9304871804 4.16713420773 -1.9304871804 4.7464239757 -10.2244367253 4.16713420773 -10.2244367253 22.0715224624|
|96|157.130838416|-65.9436218327 53.3659676002 15.1996618523|14.0984464974 14.9944636492 3.64950236159 14.9944636492 16.5558158767 3.90497417918 3.64950236159 3.90497417918 1.03221447312|
|97|22.3597501266|-46.6456947327 51.622051239 18.6609401703|0.001 -3.02922587605e-27 6.0584517521e-28 -1.51461293802e-27 0.001 0.0 6.0584517521e-28 1.71089701269e-20 0.001|
|98|156.098020986|-44.5763909309 60.8802570959 10.0319670124|13.3049478432 -18.6633952208 -4.40142360289 -18.6633952208 28.4681421604 7.24502475437 -4.40142360289 7.24502475437 1.96278651537|
|99|172.189968184|-45.2448578651 46.1428800698 4.98586324305|5.35023776996 9.99081786545 2.11281097453 9.99081786545 19.9951354031 4.01578346545 2.11281097453 4.01578346545 0.902159473495|
|100|581.10352508|-59.3346283282 47.8040022606 8.90183854487|2.47427372222 -0.271156799079 0.173173107004 -0.271156799079 3.3966538213 1.1441701322 0.173173107004 1.1441701322 0.863472838777|
|101|3.49733431236|-42.5347061157 52.5754013062 22.9558982849|0.001 -9.07996759763e-12 -7.33025341644e-13 -9.07996759763e-12 0.000984379707587 3.25260651746e-19 -7.33025341644e-13 2.81301889441e-19 0.000984379707587|
|102|302.796534448|-38.4626737132 67.412112084 30.0340021291|4.53638750058 -5.84959523135 8.00720233395 -5.84959523135 7.6823928634 -9.88623233683 8.00720233395 -9.88623233683 19.9171157095|
|103|2.77462147239e-05|-48.6844939314 48.6156729782 20.1312579748|0.000991998674368 -3.01550381866e-06 -5.64820830203e-07 -3.01550381866e-06 0.000998552460107 1.44789618874e-06 -5.64820830203e-07 1.44789618874e-06 0.000991093532663|
|104|22.3597501266|-43.6460037231 58.2183647156 22.4447841644|0.001 4.03896783473e-28 -2.01948391737e-28 4.03896783473e-28 0.001 5.42101086243e-20 -4.03896783473e-28 -3.45141003271e-20 0.001|
|105|273.789604441|-57.2948411226 50.9896711982 32.2661089187|6.57205066531 11.6673269316 -2.67497123155 11.6673269316 20.8371972262 -4.96177648084 -2.67497123155 -4.96177648084 5.60386993056|
|106|421.108778876|-61.4791780902 48.761929539 25.2358937591|37.0341594749 -3.58793881917 13.8514198015 -3.58793881917 1.31044231573 -2.86860215566 13.8514198015 -2.86860215566 7.72122490573|
|107|67.0740380176|-48.5205595138 45.2147956428 16.1146465037|9.04087331645 -6.0778106082 9.51162324539 -6.0778106082 4.09503552926 -6.35776063703 9.51162324539 -6.35776063703 10.1884883712|
|108|22.3597501266|-39.8704109192 51.5689201355 21.8936958313|0.001 -2.01948391737e-28 -2.01948391737e-28 -2.01948391737e-28 0.001 -5.42101086243e-20 2.01948391737e-28 6.74035213722e-20 0.001|
|109|133.213077782|-43.8650741323 40.9621814102 22.9357790241|31.4173172371 -10.1141425955 -15.4358500508 -10.1141425955 3.2753956737 4.83825353327 -15.4358500508 4.83825353327 8.63689873154|
|110|22.3597501171|-57.4311714172 57.5505828857 31.9386348724|0.001 -3.50905359048e-13 -2.83285725344e-14 -3.50905359048e-13 0.000984379707588 0.0 -2.83285725344e-14 -4.13825792486e-20 0.000984379707588|
|111|0.000397676327261|-48.6844940125 48.6156730591 20.1312580084|0.000911845698002 -3.38219918899e-05 -3.35177594629e-06 -3.38219918899e-05 0.000986038805682 8.65117210763e-06 -3.35177594629e-06 8.65117210763e-06 0.000899599174462|
|112|22.3597501266|-45.9503669739 52.1381034851 18.8386669159|0.001 -2.21365536666e-13 -1.78708289867e-14 -2.21365536666e-13 0.000984379707588 -5.42101086243e-20 -1.78708289867e-14 -3.79585394187e-20 0.000984379707588|
|113|22.3597500541|-45.6335678101 47.8718643188 31.5106201172|0.001 1.2155548161e-13 -1.96263362127e-14 1.2155548161e-13 0.000984379707588 5.42101086243e-20 -1.96263362127e-14 7.05902836726e-20 0.000984379707588|
|114|263.180004901|-36.8257761575 52.6781318922 13.7854413823|0.1425120365 -0.346764049745 -0.393289065887 -0.346764049745 5.05698034487 1.36129364308 -0.393289065887 1.36129364308 1.46192640533|
|115|90.0077230588|-35.4915718941 49.2389042084 25.6172686156|0.382728520751 -0.0757349343785 1.48343195033 -0.0757349343785 7.19023827753 -23.4597509366 1.48343195033 -23.4597509366 80.5678384853|
|116|5.88336133145e-12|0.0 0.0 0.0|0.001 0.0 0.0 0.0 0.001 0.0 0.0 0.0 0.001|
|117|327.932450732|-39.456138153 46.4131547082 37.2164974038|26.7440920964 2.11401908327 -9.94997353083 2.11401908327 3.15497440035 -0.7836908531 -9.94997353083 -0.7836908531 4.35363775615|
|118|383.350110699|-44.8272719373 49.8690347475 2.96540128787|16.6346807302 -21.5532657448 8.66423644907 -21.5532657448 28.0568648886 -11.3950184992 8.66423644907 -11.3950184992 5.01389665497|
|119|67.0772336819|-41.3671731172 62.6699134449 23.9520897804|0.487301483325 0.740271820869 -0.667777835568 0.740271820869 1.13010749156 -1.02579191493 -0.667777835568 -1.02579191493 0.956500923978|
|120|44.719499897|-43.2313842765 48.7636966721 10.7794237133|0.460356931832 0.97977849286 -0.138420887885 0.97977849286 2.0901399724 -0.295160742947 -0.138420887885 -0.295160742947 0.0425751999228|
|121|44.7192011972|-36.2958855543 64.8848523073 25.060579577|0.0328419271648 0.0485937767529 0.022252092707 0.0485937767529 0.0744080748404 0.0337148160529 0.022252092707 0.0337148160529 0.0161793324317|
|122|338.460807929|-43.8846550587 35.7003723814 17.8833170585|9.11577770609 4.84706251006 5.0832674392 4.84706251006 3.90350114287 4.32014147402 5.0832674392 4.32014147402 5.04676008949|
|123|88.9597075623|-39.0774177065 51.8121652357 35.5062709211|4.29554842061 -2.50809209199 2.87804576941 -2.50809209199 1.73779814871 -1.44823873167 2.87804576941 -1.44823873167 2.21605124182|
|124|44.7193832555|-29.1643143238 57.8764534691 19.9593637822|3.33270347357 0.0490400537198 -0.783591194871 0.0490400537198 0.00172183100564 -0.0115338458526 -0.783591194871 -0.0115338458526 0.185294660539|
|125|132.05999301|-38.0613548596 66.7267053969 13.0481332993|0.355839622406 0.193386921887 -0.150896697062 0.193386921887 0.128150062356 -0.0479433081025 -0.150896697062 -0.0479433081025 0.129756435781|
|126|201.456412748|-56.1683776557 69.3574052717 15.3048428063|4.35727993798 5.0219871221 -3.99952844383 5.0219871221 9.36990333572 -4.61686210177 -3.99952844383 -4.61686210177 3.7129492034|
|127|201.322197461|-42.6737772597 68.6801349582 9.52267172614|0.38791982723 0.204963808289 -1.90105044225 0.204963808289 0.957795725135 -1.34708361433 -1.90105044225 -1.34708361433 13.8471211357|
|128|130.472863415|-32.1058234501 49.3562048873 23.8832501878|5.53119166492 1.45382097882 2.16555520251 1.45382097882 1.33070140625 0.943683016856 2.16555520251 0.943683016856 1.00426007254|
|129|44.7195002532|-52.8173351288 47.1606903076 16.2170872688|0.0766589360857 0.00605264581976 -0.0608576026102 0.00605264581976 0.00146587527015 -0.00482723041753 -0.0608576026102 -0.00482723041753 0.0498500481757|
|130|44.7195001319|-32.6771621707 58.815462113 22.1868419679|0.0174657109999 -0.0294405718305 -0.156892703439 -0.0294405718305 0.0536395288798 0.280523015696 -0.156892703439 0.280523015696 1.49594427495|
|131|67.0137684638|-54.4621200121 51.321363767 17.3406765452|0.363361839054 1.26993215523 0.42369268938 1.26993215523 4.6773765894 1.46359421852 0.42369268938 1.46359421852 0.498409261197|
|132|66.9706932881|-46.0007141025 70.5967894931 20.7263045877|1.38063104685 0.615028498466 -0.0676677277247 0.615028498466 0.326066363539 -0.0438971862284 -0.0676677277247 -0.0438971862284 0.00802613428079|
|133|44.5945301388|-48.0113045598 49.8504328447 7.73050733447|0.386568043399 0.667249873721 -0.172619613043 0.667249873721 1.1557540991 -0.29872669069 -0.172619613043 -0.29872669069 0.0782823272841|
|134|20.8466474537|-48.6844940186 48.6156730652 20.1312580109|0.001 3.34329107902e-14 -2.76352904595e-15 3.34329107902e-14 0.000995953654162 1.08420217249e-19 -2.76352904595e-15 1.29313255015e-19 0.000995953654162|
|135|22.3587597488|-52.2978630066 52.7805633545 13.1817474365|0.001 -3.52449029369e-14 -2.91330640036e-15 -3.52449029369e-14 0.000995953654162 -5.42101086243e-20 -2.91330640036e-15 -3.19386228359e-20 0.000995953654162|
|136|7.06515465658e-08|-48.6844598039 48.6156388989 20.131243863|0.00100000117064 -1.16898618193e-09 -4.84065342686e-10 -1.16898618193e-09 0.00100000116733 4.83381062282e-10 -4.8406534266e-10 4.83381062309e-10 0.00100000020016|
|137|0.000311074500115|-48.6844940108 48.6156730574 20.1312580077|0.00100001130502 4.25107583155e-09 8.45431336363e-10 4.2510758315e-09 0.00100000209189 -2.16274351184e-09 8.45431336375e-10 -2.16274351181e-09 0.00100001253668|
|138|22.3597393943|-29.9715995789 53.3842773437 16.8174133301|0.001 7.57306469012e-28 -1.00974195868e-28 -5.04870979341e-29 0.001 -5.42101086243e-20 -2.01948391737e-28 5.89292352222e-20 0.001|
|139|0.0573783118174|-41.7485197831 52.8002733866 19.7257558152|0.027290028477 -0.0513966353793 -0.0293915926783 -0.0513966353793 0.101514148205 0.0575474584513 -0.0293915926783 0.0575474584513 0.0340803358632|
|140|427.143109958|-38.2434694077 41.4093206911 34.8817228954|1.74317417878 -0.445292450578 -3.38463039488 -0.445292450578 7.35980751348 6.53884021178 -3.38463039488 6.53884021178 11.3151377756|
|141|67.0737573868|-60.0387267784 62.7005973576 9.79909687607|1.49774803155 -5.68574172015 -4.06700802337 -5.68574172015 22.2279743838 15.8658428482 -4.06700802337 15.8658428482 11.3278960283|
|142|67.0218693145|-41.7116218299 52.7282836573 19.6848729439|0.0282016931391 -0.0530204113477 -0.0300090746065 -0.0530204113477 0.104381122572 0.0585835207903 -0.0300090746065 0.0585835207903 0.0343370198843|
|143|177.350672981|-48.4773507779 72.4522812737 22.4437422136|55.6794244963 43.6208902623 27.2922087113 43.6208902623 34.6398282156 21.962486734 27.2922087113 21.962486734 14.1259777443|
|144|129.691936211|-50.68385927 58.9349623298 32.3212702989|18.103387968 13.3607489205 -7.2601120427 13.3607489205 9.95314591967 -5.43965278556 -7.2601120427 -5.43965278556 3.00340665355|
|145|65.2473333747|-40.4169459127 35.9620939186 18.6952681441|2.61958138064 -2.77835762016 -2.17890953324 -2.77835762016 3.23603879991 2.37077582785 -2.17890953324 2.37077582785 1.8261490369|
|146|251.783518867|-44.1742404968 40.2791895354 8.43760337841|0.505469966767 0.2017481456 -0.655346551279 0.2017481456 14.142496437 -3.56099789943 -0.655346551279 -3.56099789943 2.03105855455|
|147|22.3597501266|-46.4400634766 52.7516403198 29.1572437286|0.001 1.30483669086e-13 -2.10678804923e-14 1.30483669086e-13 0.000984379707588 5.42101086243e-20 -2.10678804923e-14 6.3149352469e-20 0.000984379707588|
|148|156.259603462|-44.3997458519 42.0951816728 32.4410064466|3.8054807173 -1.17189344652 -4.14822646854 -1.17189344652 0.793431738709 1.70719694587 -4.14822646854 1.70719694587 6.32344934882|
|149|5.14512477047e-05|-48.6844939716 48.6156730183 20.1312579914|0.001 -2.23886032199e-15 -9.19528294906e-16 -2.23880611188e-15 0.001 9.28890211277e-16 -9.19538967539e-16 9.28917316331e-16 0.001|
|150|4.24670949167e-07|-48.6844883267 48.6156673814 20.1312556573|0.000974130085762 -9.77662865964e-06 -1.60588845017e-06 -9.77662865964e-06 0.000995525998764 4.13770172777e-06 -1.60588845017e-06 4.13770172777e-06 0.000971015314362|
|151|22.3597501266|-45.8484649658 46.415473938 22.3920478821|0.001 1.0836078338e-13 -1.74959215225e-14 1.0836078338e-13 0.000984379707588 1.08420217249e-19 -1.74959215225e-14 1.07456874496e-19 0.000984379707588|
|152|44.7193738653|-33.3070344586 60.542693606 17.5956993493|3.86588199376 -5.77921385367 4.01215164893 -5.77921385367 8.64274212572 -5.99942842354 4.01215164893 -5.99942842354 4.16603303271|
|153|1.38956510751e-05|-48.6844938446 48.6156728915 20.1312579389|0.000999999977307 -8.59135358431e-12 -1.71495793981e-12 -8.59135358431e-12 0.000999999995813 4.35932659328e-12 -1.71495792827e-12 4.35932659328e-12 0.000999999974793|
|154|200.901664463|-66.759589466 51.868567664 21.1728357185|2.15495325875 -0.757511699842 3.73975502043 -0.757511699842 0.341066519304 -1.39543113126 3.73975502043 -1.39543113126 7.25754206401|
|155|22.2487861083|-46.6709136963 53.3622970581 18.6009254456|0.001 5.04870979341e-28 0.0 5.04870979341e-28 0.001 -5.42101086243e-20 2.01948391737e-28 7.04817856588e-20 0.001|
|156|0.00191801408872|-48.6844940173 48.6156730639 20.1312580103|0.000985268275133 -5.3490525576e-06 -9.19850283197e-07 -5.3490525576e-06 0.000997577203288 2.46057813984e-06 -9.19850283197e-07 2.46057813984e-06 0.000983691745484|
|157|44.7195002532|-44.7069168091 61.7475376129 17.5191354752|0.0454838963904 -0.186503865898 0.000449740466483 -0.186503865898 0.782936872227 -0.00188558389479 0.000449740466483 -0.00188558389479 0.0010044326291|
|158|44.719473917|-54.0326827488 46.222191622 15.6598692544|0.200277695855 0.939821111191 -0.211187306266 0.939821111191 4.42380940617 -0.993927591158 -0.211187306266 -0.993927591158 0.223937276005|
|159|3.74497283782e-05|-48.684493954 48.6156730007 20.1312579842|0.000942852779949 -2.17893800078e-05 -2.81970145144e-06 -2.17893800078e-05 0.000990611671355 7.27345576301e-06 -2.81970145144e-06 7.27345576301e-06 0.00093534692558|
|160|44.6675487078|-27.6520069753 55.3618890359 17.0199854438|0.00988557132019 0.13189601342 0.0269117991822 0.13189601342 1.95379917716 0.398448502847 0.0269117991822 0.398448502847 0.0822756858528|
|161|67.0798679541|-50.0821851192 58.6107628173 10.4202187188|9.04983298602 2.56256748632 -4.22955312937 2.56256748632 0.77556367405 -1.21480800824 -4.22955312937 -1.21480800824 1.98388718394|
|162|436.201213037|-56.8859583771 34.2818232892 14.9692372149|4.54061243666 -1.03324282943 -1.18778705779 -1.03324282943 0.295958752448 0.462000210987 -1.18778705779 0.462000210987 10.5770839321|
|163|359.506269232|-37.791159948 62.4688191476 27.6171860327|0.55719518065 -0.129199149037 0.834577641272 -0.129199149037 0.354424978457 0.344266111337 0.834577641272 0.344266111337 2.91830236576|
|164|0.0481342053123|-46.6709136962 53.3622970581 18.6009254455|0.000999999999995 -4.806572222e-12 5.29395592034e-23 -4.806572222e-12 0.000999995563281 -5.42101086243e-20 5.29395592034e-23 1.21812684956e-20 0.000999995563276|
|165|155.076078074|-35.3068910644 52.5390921553 19.8842974741|0.288464705483 0.120967522042 -0.452041538799 0.120967522042 0.238763194242 -0.772130511503 -0.452041538799 -0.772130511503 2.84109554405|
|166|221.019025568|-43.0523789278 74.5870550231 11.708086598|16.2963640416 -23.9332458029 -11.5209187149 -23.9332458029 37.3318148277 17.3107333189 -11.5209187149 17.3107333189 8.2850884302|
|167|22.3597501266|-47.9835853577 53.0553779602 20.3997211456|0.001 -2.52435489671e-27 -4.03896783473e-28 -2.52435489671e-27 0.001 0.0 -4.03896783473e-28 1.97643971532e-20 0.001|
|168|360.638307552|-46.6517060759 40.9240658051 25.2758665433|4.70685995844 11.3535982632 3.05311282182 11.3535982632 31.8147081773 6.84056452354 3.05311282182 6.84056452354 2.13844196538|
|169|22.3597501266|-49.1805267334 59.1722869873 17.1185054779|0.001 -2.59595034045e-13 -2.0957094447e-14 -2.59595034045e-13 0.000984379707588 -5.42101086243e-20 -2.0957094447e-14 -3.85274451468e-20 0.000984379707588|
|170|110.760603111|-49.8934860493 38.4257733319 24.2952921673|0.41698924596 -0.920946121469 -0.17699461291 -0.920946121469 15.1590189649 2.24348261939 -0.17699461291 2.24348261939 0.340545678683|
|171|22.3597501266|-58.4804801941 55.578792572 19.5060462952|0.001 3.89882889948e-14 -3.22273073275e-15 3.89882889948e-14 0.000995953654162 5.42101086243e-20 -3.22273073275e-15 7.43806797808e-20 0.000995953654162|
|172|0.500509198033|-48.6844940185 48.6156730652 20.1312580109|0.001 -3.52924673357e-18 0.0 -3.52924321805e-18 0.000999999999641 5.42101086243e-20 0.0 2.95361563835e-20 0.000999999999641|
|173|44.7042835515|-40.4919075728 63.3306820295 22.4171610025|0.404614085397 1.05386137362 0.279293525896 1.05386137362 2.75121302645 0.72889771032 0.279293525896 0.72889771032 0.193978463484|
|174|349.63461935|-42.4594102733 54.2300344755 1.24956188658|1.77119372826 0.713380074445 0.46702836467 0.713380074445 6.68364669885 -0.70645884195 0.46702836467 -0.70645884195 0.659062152923|
|175|112.544139375|-31.5902250445 66.4437290463 19.3041856788|2.21298811729 4.71954086393 2.23850196472 4.71954086393 10.2754274176 4.61354575673 2.23850196472 4.61354575673 2.46610122398|
|176|44.7061423028|-53.5622296706 70.0862441319 11.5673936813|0.0799171312384 -0.515785103638 0.291168068119 -0.515785103638 3.37205858969 -1.90301078909 0.291168068119 -1.90301078909 1.07527680862|
|177|44.7188325504|-37.051355909 60.2116762099 11.9919704679|0.354588208476 -0.16218944878 0.544067496217 -0.16218944878 0.0753956979584 -0.249561552098 0.544067496217 -0.249561552098 0.838158829801|
|178|0.0262675203651|-46.6709136962 53.362297058 18.6009254455|0.000999999999338 -1.8194409197e-10 2.11758236814e-22 -1.81944091971e-10 0.000999949981334 5.42101086243e-20 2.11758236814e-22 5.22811234358e-20 0.000999949980672|
|179|22.3570222185|-38.4781494141 61.0384788513 9.90290927887|0.001 1.96899681943e-27 -1.00974195868e-28 1.96899681943e-27 0.001 0.0 0.0 5.48711141515e-21 0.001|
|180|111.787013566|-40.0890265935 60.7268727156 5.73887098636|12.4825450509 -0.241708643792 7.24629391552 -0.241708643792 0.120429739459 -0.19344092762 7.24629391552 -0.19344092762 4.25741532563|
|181|22.3597079968|-45.6600570679 58.221660614 20.4778785706|0.001 -8.07793566946e-28 4.03896783473e-28 -7.06819371078e-28 0.001 0.0 4.03896783473e-28 2.16711268803e-20 0.001|
|182|9.5874684783|-47.7448768616 52.6003646851 19.603143692|0.001 -1.31809644107e-12 -1.0640986145e-13 -1.31809644107e-12 0.000984379707588 -5.42101086243e-20 -1.0640986145e-13 -7.80301449429e-20 0.000984379707588|
|183|0.0222532837257|-48.9812024866 51.1630717533 15.6754408022|0.114856532138 -0.00903717591042 0.0413376430632 -0.00903717591042 0.00161422102516 -0.00327671220423 0.0413376430632 -0.00327671220423 0.0158959931498|
|184|44.7195002532|-48.1957054138 52.7321338654 20.1995487213|0.00108964909651 -0.00434897328095 0.00307129671103 -0.00434897328095 0.0419275657022 -0.029431111813 0.00307129671103 -0.029431111813 0.0216242062436|
|185|0.00179247258742|-48.6844940172 48.6156730638 20.1312580103|0.00103016914359 1.10899984183e-05 2.84598901385e-06 1.10899984183e-05 0.00100620918478 -7.26383015723e-06 2.84598901385e-06 -7.26383015723e-06 0.00103265014373|
|186|224.055836871|-46.5376973719 40.2780946137 14.3552087045|2.25410507719 1.57352573449 1.90896552847 1.57352573449 1.48723115143 1.27711156537 1.90896552847 1.27711156537 1.66718193772|
|187|247.911047041|-49.2398049644 65.1070654082 12.8734200764|14.3813774919 -3.36438065932 -2.16983082715 -3.36438065932 3.95885956426 0.324248598204 -2.16983082715 0.324248598204 0.397837304637|
|188|88.1297503287|-50.005778425 54.0846252838 25.1216230989|4.96344489478 6.34191925029 4.41417587231 6.34191925029 8.43729549975 5.87234426935 4.41417587231 5.87234426935 4.0886482618|
|189|109.31773263|-57.6459715987 51.2581763098 27.2447101926|0.532778912418 -0.164761798708 1.29705248207 -0.164761798708 0.067176940544 -0.403634259603 1.29705248207 -0.403634259603 3.26969708249|
|190|22.3597501266|-45.8154449463 50.2191467285 16.2403125763|0.001 -1.73675616893e-26 -1.61558713389e-27 -1.41363874216e-26 0.001 -5.42101086243e-20 -8.07793566946e-28 -1.02928744266e-19 0.001|
|191|223.61641644|-32.0505822097 61.344277519 25.2172330926|3.23856134963 3.75444682198 -6.58062582592 3.75444682198 6.30081287499 -9.20951736096 -6.58062582592 -9.20951736096 14.7385741534|
|192|44.7195002532|-43.9196453094 54.2425746918 23.5293960571|0.0459101738265 -0.0335389071828 0.00497019860375 -0.0335389071828 0.0260461495483 -0.00371171838106 0.00497019860375 -0.00371171838106 0.00154955136183|
|193|67.0792503798|-35.077893575 64.2184677124 14.248014768|0.153980085272 0.0473393348996 -0.555253307555 0.0473393348996 0.0239404881829 -0.23174563774 -0.555253307555 -0.23174563774 2.4494160768|
|194|264.804040743|-54.9610098086 60.8571650843 32.4822428945|13.8405600087 10.6363832902 5.76111307716 10.6363832902 9.40086228763 5.46633754487 5.76111307716 5.46633754487 3.39194761777|
|195|0.0321315798242|-48.6844940185 48.6156730651 20.1312580108|0.000999999791311 -5.64534780838e-08 -9.11585566959e-09 -5.64534780838e-08 0.000984330293691 3.28418363468e-11 -9.11585566959e-09 3.2841836371e-11 0.000984330095608|
|196|0.0231763776097|-48.6844940185 48.6156730651 20.1312580108|0.000999999998363 -3.56998689668e-10 2.11758236814e-22 -3.56998689666e-10 0.000999922154131 0.0 4.23516473627e-22 -6.37590816156e-21 0.000999922152494|
|197|134.150374021|-36.5848540845 42.0530531955 28.8833650606|2.44346253478 1.37216694352 -3.05203750128 1.37216694352 0.894735673261 -1.84311682385 -3.05203750128 -1.84311682385 3.96423181641|
|198|67.0770383795|-54.8614511434 58.0268258661 16.0494807767|1.78097279554 -0.18919615722 3.01175570898 -0.18919615722 0.231065268073 -0.799030693424 3.01175570898 -0.799030693424 6.1893428248|
|199|44.7195002532|-46.2329807281 56.9943447113 15.8763384819|0.00551684978794 -0.0200035296799 0.0244386383343 -0.0200035296799 0.0892263158947 -0.107800532888 0.0244386383343 -0.107800532888 0.132680345801|
|200|1.45534997038e-08|-47.9243092511 50.3184317871 19.5096952269|0.0010173126038 6.33699597058e-06 1.38651907382e-06 6.33699597058e-06 0.00100328062573 -3.61136818603e-06 1.38651907382e-06 -3.61136818603e-06 0.00101895036734|
|201|111.372543635|-57.693121512 70.4841900074 16.2869035725|0.617225903668 2.2505716566 0.479161591816 2.2505716566 8.80916833787 1.08178042512 0.479161591816 1.08178042512 1.13348581002|
|202|21.5996127248|-45.794254303 58.4534835815 13.2526102066|0.001 -4.77257031462e-14 -2.69969014404e-14 -4.77257031462e-14 0.000991031220773 -2.71050543121e-20 -2.69969014404e-14 -4.06233954582e-20 0.000991031220773|
|203|22.3597501266|-51.5031433105 47.8988227844 13.7051954269|0.001 1.61558713389e-27 0.0 1.61558713389e-27 0.001 0.0 0.0 1.24147702172e-20 0.001|
|204|1.81063311596e-05|-47.9244726774 50.3186033776 19.5097617568|0.000946960710408 -1.96969228857e-05 -2.39089446224e-06 -1.96969228857e-05 0.000991807341154 6.34464692205e-06 -2.39089446224e-06 6.34464692205e-06 0.000940308330812|
|205|67.0788594803|-36.0797810026 64.6795333135 26.0277195794|26.7564600433 -7.93008623548 15.8195678245 -7.93008623548 2.49060881465 -4.67332251177 15.8195678245 -4.67332251177 9.35627433951|
|206|0.000967747574827|-48.6844940161 48.6156730627 20.1312580098|0.001 -6.21292469793e-18 -2.57205790556e-18 -6.21292469793e-18 0.001 2.76471553984e-18 -2.60208521397e-18 2.76471553984e-18 0.001|
|207|0.298772057709|-48.6844940185 48.6156730652 20.1312580109|0.001 -7.74965977895e-17 1.65436122511e-24 -7.74965986167e-17 0.000999999997188 -5.42101086243e-20 1.65436122511e-24 -5.80578243648e-20 0.000999999997188|
|208|44.7195002524|-47.895866394 53.1678218842 31.4005641937|0.0126217090404 0.0279117418001 -0.0767705602855 0.0279117418001 0.0680389741341 -0.184388163141 -0.0767705602855 -0.184388163141 0.508156024763|
|209|44.7194972285|-43.3965492173 59.5712966815 29.5047950233|0.109996850454 -0.142875342802 -0.165881060229 -0.142875342802 0.187549702938 0.216872727139 -0.165881060229 0.216872727139 0.252386383896|
|210|135.894360924|-43.9815496742 76.3081089784 10.625067782|0.660742849787 -1.97600641067 -0.427085267342 -1.97600641067 9.23351429268 3.12116843108 -0.427085267342 3.12116843108 1.37931189029|
|211|67.0878730847|-56.9253564452 48.9323605415 13.513090835|1.67638567217 2.78043674842 -0.0277179245303 2.78043674842 4.90434292355 0.285615177829 -0.0277179245303 0.285615177829 0.381992462982|
|212|67.0792503798|-39.0820630391 53.8232727051 24.9055188497|0.0722664119815 0.0436110095131 -0.0724240578574 0.0436110095131 0.0308877437114 -0.0417263475635 -0.0724240578574 -0.0417263475635 0.0767015909532|
|213|0.00551592394554|-46.6709136959 53.3622970576 18.6009254454|0.000999434661749 -4.27907298781e-06 3.32581005918e-06 -4.27907298781e-06 0.000947833285362 -2.73923759522e-07 3.32581005918e-06 -2.73923759522e-07 0.000947693748866|
|214|17.800727933|-42.5347061157 52.5754013062 22.9558982849|0.001 1.87637987382e-13 -3.02960111535e-14 1.87637987382e-13 0.000984379707588 1.62630325873e-19 -3.02960111535e-14 9.16277310128e-20 0.000984379707588|
|215|44.7192465813|-54.0920317964 62.8526499776 21.2208846663|6.02795906983 7.18931856836 2.36362367527 7.18931856836 8.576850753 2.81947220486 2.36362367527 2.81947220486 0.927954507832|
|216|44.7187659224|-55.6309618047 57.3472196522 13.1532921021|2.31162199647 1.22472421208 -1.21730098777 1.22472421208 0.650160925157 -0.64522050382 -1.21730098777 -0.64522050382 0.642315093536|
|217|160.905833115|-47.0181636759 48.9936053537 6.82411265548|0.144992976209 0.308563865541 0.0570612743967 0.308563865541 5.32907021497 1.05069331739 0.0570612743967 1.05069331739 0.251542079691|
|218|12.7722816483|-47.7448768616 52.6003646851 19.603143692|0.001 -2.2214323091e-26 1.61558713389e-27 -2.26182198745e-26 0.001 5.42101086243e-20 8.07793566946e-28 -5.94188993628e-20 0.001|
|219|1.06168788126|-42.5347061157 52.5754013061 22.9558982849|0.001 4.92407288081e-11 -7.95040327442e-12 4.92407288081e-11 0.000984379707551 -2.49366499672e-17 -7.95040327442e-12 -2.49563274228e-17 0.00098437970755|
|220|0.0178850643453|-48.6844940184 48.6156730651 20.1312580108|0.000999999986998 -1.68886594797e-09 4.23516473627e-22 -1.68886594798e-09 0.000999780624119 0.0 -4.23516473627e-22 2.52323174053e-20 0.000999780611117|
|221|22.3597501265|-50.8599395752 54.4444694519 14.3579149246|0.001 -1.95889939984e-26 -1.61558713389e-27 -1.95889939984e-26 0.001 0.0 -1.61558713389e-27 -2.30293843986e-20 0.001|
|222|0.00742342434509|-48.6844940182 48.6156730649 20.1312580107|0.000999925692887 1.11031404927e-06 -2.03287907341e-20 1.11031404927e-06 0.000983409431067 1.62630325873e-19 -1.69406589451e-20 1.25360876194e-19 0.000983335123954|
|223|22.3597501203|-45.90366745 44.6834373474 23.9127559662|0.001 2.01948391737e-28 0.0 2.01948391737e-28 0.001 0.0 0.0 1.78201430678e-20 0.001|
|224|66.412636412|-44.2414483522 63.0992160541 30.0904664409|3.72944834485 2.9262866539 -2.3433029856 2.9262866539 3.06949777193 -1.97722014588 -2.3433029856 -1.97722014588 1.49846864456|
|225|44.4749399627|-40.4348917973 46.5518056095 17.0886268255|4.18579479964 5.03601497727 1.28563986927 5.03601497727 6.06127331898 1.54713090185 1.28563986927 1.54713090185 0.395916537211|
|226|4.21297447976e-05|-45.6600570141 58.2216605454 20.4778785464|0.000981238361225 -6.02591472165e-06 -8.72455951136e-07 -6.02591472165e-06 0.000997638795088 2.66061202085e-06 -8.72455951136e-07 2.66061202085e-06 0.000979647584331|
|227|22.3597426846|-37.2049713135 59.705947876 8.3483543396|0.001 -1.7670484277e-27 3.02922587605e-28 -1.51461293802e-28 0.001 2.71050543121e-20 2.01948391737e-28 -2.18976220375e-20 0.001|
|228|399.711069624|-48.7547754191 68.3158277803 20.4629064001|18.2668230744 6.93787909464 -1.04924718456 6.93787909464 3.69263120399 0.84238197027 -1.04924718456 0.84238197027 1.59501709089|
|229|0.099971625812|-48.6844940185 48.6156730652 20.1312580109|0.001 -5.54117413998e-14 -3.97046694025e-23 -5.54117414461e-14 0.00099999977517 -5.42101086243e-20 -3.97046694025e-23 -4.26742154899e-20 0.00099999977517|
|230|22.3597501266|-45.9767150879 59.6811599731 16.8529243469|0.001 3.3035340731e-14 -2.73066632534e-15 3.3035340731e-14 0.000995953654162 2.71050543121e-20 -2.73066632534e-15 6.12158101343e-20 0.000995953654162|
|231|44.7195002532|-50.8134307861 42.2034015656 17.8155174255|0.336880526978 0.0571440073139 -0.222293550717 0.0571440073139 0.0104132753213 -0.0378050081841 -0.222293550717 -0.0378050081841 0.147656770765|
|232|22.3572026888|-45.5390853882 63.913936615 23.473815918|0.001 -1.00974195868e-28 4.03896783473e-28 -1.71656132976e-27 0.001 0.0 4.03896783473e-28 2.67327658233e-20 0.001|
|233|133.480923003|-51.3451862858 68.9277254987 24.4474743608|0.208346928596 -0.255450150112 -0.428126216322 -0.255450150112 0.564861696537 0.943866336472 -0.428126216322 0.943866336472 1.59486489624|
|234|134.158406639|-38.8320460198 61.1354431163 13.7756700136|5.42091931357 9.01593044026 2.50151941035 9.01593044026 15.1232557042 4.12819072313 2.50151941035 4.12819072313 1.16999540456|
|235|110.553363695|-44.9110887334 46.097011469 26.927398954|2.63450955282 4.5201858846 -1.3112282151 4.5201858846 7.91248280008 -2.08296955811 -1.3112282151 -2.08296955811 0.971097707313|
|236|22.3591010801|-40.8719520569 69.8517532349 18.1834278107|0.001 -3.5039239194e-14 -2.89630645289e-15 -3.5039239194e-14 0.000995953654162 -5.42101086243e-20 -2.89630645289e-15 -5.77220460661e-20 0.000995953654162|
|237|22.3597497837|-50.518157959 53.8681945801 13.5015573502|0.001 1.51461293802e-27 4.03896783473e-28 1.51461293802e-27 0.001 2.71050543121e-20 0.0 1.38970464718e-20 0.001|
|238|89.4341057202|-56.1606004648 58.17789399 21.8584944041|0.0451731087786 -0.263432712823 0.417742262532 -0.263432712823 47.9857495707 -53.4769505035 0.417742262532 -53.4769505035 59.9610600109|
|239|22.3597501265|-49.2664451599 53.2896347046 29.4949932098|0.001 1.41363874216e-27 0.0 3.02922587605e-27 0.001 5.42101086243e-20 1.21169035042e-27 2.96942079968e-20 0.001|
|240|88.6803066486|-31.892705181 65.0432236425 16.4591931569|1.08150497917 0.83163151046 -1.71857363342 0.83163151046 0.71554152545 -1.23790717889 -1.71857363342 -1.23790717889 2.83133850342|
|241|22.3597501266|-46.7181282043 47.4099311829 26.5015354156|0.001 1.00974195868e-27 0.0 1.00974195868e-27 0.001 0.0 4.03896783473e-28 2.03362928027e-20 0.001|
|242|44.7163855984|-32.6000335849 65.0472886282 17.2866467479|1.77728894955 6.02852146215 0.324352639449 6.02852146215 20.4611520343 1.10081955758 0.324352639449 1.10081955758 0.0602275712094|
|243|336.889837406|-58.6260820808 48.7735783791 21.371373332|0.313018761554 -0.185408369861 2.16367696582 -0.185408369861 1.81400353025 -9.67719070889 2.16367696582 -9.67719070889 63.6685660981|
|244|0.00114108410572|-47.7484283426 50.0106506326 19.9461441031|0.00100013053957 4.86141292966e-08 9.34738843866e-09 4.86141292965e-08 0.00100002342773 -2.42049150084e-08 9.34738843863e-09 -2.42049150084e-08 0.00100014465919|
|245|424.698741143|-35.3968089936 36.2397650564 20.1221462219|8.30645764985 2.78654135649 4.95969567782 2.78654135649 2.00326325349 2.21424577905 4.95969567782 2.21424577905 4.38549266849|
|246|0.0127555332118|-49.3533706663 49.3140144346 20.2811450957|0.000999999351606 -4.11003851125e-08 3.41926668746e-09 -4.11003851125e-08 0.000997376694438 -5.35711197625e-11 3.41926668746e-09 -5.35711198138e-11 0.000997376054958|
|247|13.7573988588|-47.9244728088 50.3186035156 19.5097618103|0.001 -3.12260013928e-13 -5.04174714127e-14 -3.12260013928e-13 0.000984379707588 -8.13151629364e-20 -5.04174714127e-14 -1.34309158043e-19 0.000984379707588|
|248|44.7181436483|-38.2040660333 63.0669091173 14.8728430488|0.0302367438128 -0.055152186592 -0.0446693092518 -0.055152186592 0.104911297673 0.0841778567638 -0.0446693092518 0.0841778567638 0.0691452102468|
|249|94.0949923768|-49.3977253895 56.071431367 12.3043180592|2.70128719001 2.74039836233 -0.523563762745 2.74039836233 2.84270869628 -0.52624431793 -0.523563762745 -0.52624431793 0.186588230689|
|250|113.807163666|-50.7637138328 71.4731257428 19.4700137056|6.09200775896 2.89402825931 5.38288715342 2.89402825931 1.45895746778 2.63906669402 5.38288715342 2.63906669402 5.15291257265|
|251|44.713529631|-58.1913501723 34.3915585722 20.9368926367|1.65343494648 0.70529091894 -0.283664064056 0.70529091894 0.30179969651 -0.121060857581 -0.283664064056 -0.121060857581 0.049485326198|
|252|88.0179328489|-53.9808229622 55.433667353 3.87631799297|1.22326247242 -1.49624467797 -1.07777127535 -1.49624467797 1.98001958666 1.39656451534 -1.07777127535 1.39656451534 1.00517270276|
|253|289.767544292|-64.8400118486 56.2325654458 13.0529388932|5.29068479117 -0.675176966256 -7.61387057452 -0.675176966256 0.375689210474 -0.0139141842767 -7.61387057452 -0.0139141842767 16.7015687168|
|254|110.068799606|-63.6814370672 52.3601955266 25.5238051928|1.9628111268 -1.04052970381 3.20516939977 -1.04052970381 2.1084451345 -1.37858991673 3.20516939977 -1.37858991673 5.31172597574|
|255|0.00135556294854|-48.6844940168 48.6156730634 20.1312580101|0.00097281909199 -1.03741310556e-05 -1.70264977841e-06 -1.03741310556e-05 0.000995220887709 4.34403993088e-06 -1.70264977841e-06 4.34403993088e-06 0.000969465907053|
|256|0.0118565052011|-46.6709136961 53.3622970579 18.6009254455|0.000999997898367 7.69672147145e-08 -1.01643953671e-20 7.69672147145e-08 0.000997181262649 1.62630325873e-19 -6.77626357803e-21 9.74087889342e-20 0.000997179161015|
|257|105.539577842|-57.7733993223 49.3302376186 31.4086498676|19.2607872362 5.30610458507 26.298125784 5.30610458507 1.50063528832 7.22467874519 26.298125784 7.22467874519 35.9385570351|
|258|88.8279591914|-41.3226706545 32.1534918728 19.3224280285|3.06827488976 4.06899758397 3.96172639141 4.06899758397 5.51884704689 5.32776773368 3.96172639141 5.32776773368 5.16272964791|
|259|0.353400404995|-47.9244728088 50.3186035156 19.5097618103|0.001 -2.91685138392e-17 0.0 -2.91685138392e-17 0.00099999999853 -5.42101086243e-20 -8.27180612553e-25 -2.84107068569e-20 0.00099999999853|
|260|22.3597501266|-46.032371521 52.2265625 19.1834220886|0.001 -2.21365536666e-13 -1.78708289867e-14 -2.21365536666e-13 0.000984379707588 -2.71050543121e-20 -1.78708289867e-14 -3.79585394187e-20 0.000984379707588|
|261|44.4746444675|-41.5504403473 45.2113471161 23.5255059699|4.90586589123 3.35072819607 2.60025206088 3.35072819607 2.28997977185 1.77633675365 2.60025206088 1.77633675365 1.37945110972|
|262|89.4390005063|-48.9661064148 58.1685609818 17.5418338776|0.164083135376 0.138595697244 -0.32642563915 0.138595697244 0.132895438298 -0.243207128178 -0.32642563915 -0.243207128178 0.870406946085|
|263|186.912223093|-43.743561026 73.5826540485 10.0854670404|8.84602834389 -2.17383481026 4.26953839048 -2.17383481026 2.57067096344 -1.17441832201 4.26953839048 -1.17441832201 2.14664559741|
|264|223.253759828|-42.9281611648 53.8866187682 36.8431505251|3.59082860134 -4.5523316652 -1.51858856323 -4.5523316652 7.34735907449 2.06797292938 -1.51858856323 2.06797292938 0.673423862501|
|265|134.163332343|-35.3055618629 63.6852225205 10.833557734|5.1318656744 1.49977486101 -9.18098139335 1.49977486101 0.565490562217 -2.74284545456 -9.18098139335 -2.74284545456 16.5769940253|
|266|221.948114776|-45.0556696278 35.2340675998 9.26513598827|0.907945656868 -0.629876247895 0.917154934628 -0.629876247895 14.2272457755 -7.42995617069 0.917154934628 -7.42995617069 4.33432892247|
|267|0.000335844559187|-48.6844940114 48.615673058 20.1312580079|0.000973573571805 -9.95875906091e-06 -1.62879696683e-06 -9.95875906091e-06 0.000995458176386 4.2095482469e-06 -1.62879696683e-06 4.2095482469e-06 0.000970408726864|
