#|num|weight|mean|covariance matrix|
|0|207.414994159|37.5914643729 45.7831711849 -15.5689263982|0.307686718125 0.841888377609 -1.49792795777 0.841888377609 3.44623952509 -6.34274120415 -1.49792795777 -6.34274120415 11.8912225039|
|1|0.042246820072|47.5551039236 48.2103992345 -7.89738461922|0.00305261107142 -0.000974059299527 0.00181057050505 -0.000974059299527 0.00146295338754 -0.000859464624372 0.00181057050505 -0.000859464624372 0.00259862824881|
|2|22.7827204643|42.7855262756 56.6269416809 -27.2127475739|0.001 8.07793566946e-28 4.03896783473e-28 8.07793566946e-28 0.001 0.0 4.03896783473e-28 -2.15647523848e-20 0.001|
|3|22.7826044589|48.230682373 40.7136039734 -15.6137723923|0.001 5.04870979341e-28 2.01948391737e-28 5.04870979341e-28 0.001 5.42101086243e-20 0.0 -6.58492717539e-20 0.001|
|4|90.3298234346|52.7062778698 45.5251895194 4.38956545819|0.772309703525 -3.80427158021 0.0734455754952 -3.80427158021 18.7757381588 -0.37784925298 0.0734455754952 -0.37784925298 0.0296988056639|
|5|22.782720288|53.7398643494 65.731590271 -18.2854099274|0.001 -4.61703692523e-14 -3.81639389078e-15 -4.61703692523e-14 0.000995953654162 -8.13151629364e-20 -3.81639389078e-15 -9.10109893835e-20 0.000995953654162|
|6|22.7827204643|34.831325531 61.1300354004 -28.7438087463|0.001 -1.08234670742e-13 -1.74755593883e-14 -1.08234670742e-13 0.000984379707588 -1.08420217249e-19 -1.74755593883e-14 -1.62215689071e-19 0.000984379707588|
|7|22.7827204643|43.6419944763 49.6161460876 -22.2010135651|0.001 -1.61558713389e-27 -8.07793566946e-28 -1.00974195868e-28 0.001 5.42101086243e-20 -1.21169035042e-27 -7.2167809309e-20 0.001|
|8|91.1308818573|43.3605279922 56.8422574997 -24.1720952988|0.00542966481478 0.0089871160535 0.00769937033965 0.0089871160535 0.0850189982146 0.0227784728604 0.00769937033965 0.0227784728604 0.0183345324101|
|9|227.883565652|54.4580807876 66.6618291571 -5.65422055524|6.65164118851 -4.83119439681 -4.32821923075 -4.83119439681 3.56359923977 3.01525178284 -4.32821923075 3.01525178284 3.52035471099|
|10|180.131897586|52.1464213537 65.1425560442 -13.3452852689|5.77263333833 0.137107927171 -7.02094524382 0.137107927171 0.0392266244314 -0.133229417931 -7.02094524382 -0.133229417931 8.74623181889|
|11|216.196048171|41.6888885906 35.9572357837 -25.1266960484|18.3871367091 2.74912302281 -19.1607713005 2.74912302281 0.502172808017 -2.42752260847 -19.1607713005 -2.42752260847 22.4386481446|
|12|45.5653495622|50.3888052618 45.031597293 3.13639658642|0.0116500346592 -0.0129813659441 -0.00493322661577 -0.0129813659441 0.0168230341185 0.00601312784737 -0.00493322661577 0.00601312784737 0.00328513104618|
|13|22.7827168274|47.3945045471 47.5117645264 -34.1367950439|0.001 -2.82727748431e-27 -4.03896783473e-28 -2.82727748431e-27 0.001 -5.42101086243e-20 0.0 -3.5426140524e-20 0.001|
|14|7.40862664012|49.082901001 45.1986274719 -9.52209472656|0.001 -2.45034846702e-13 -2.02543212698e-14 -2.45034846702e-13 0.000995953654162 -5.42101086243e-20 -2.02543212698e-14 -6.61729756092e-20 0.000995953654162|
|15|0.0115108222069|47.9498825071 52.2510032652 -7.75517702099|0.000999999393577 3.2802994743e-08 1.36927766324e-09 3.2802994743e-08 0.00099822250775 2.52695529974e-11 1.36927766324e-09 2.5269553003e-11 0.000998221903436|
|16|113.913604718|33.7027325101 50.6741150229 -24.2858013382|0.811745665121 0.377043560407 -1.15432142125 0.377043560407 0.294001917807 -0.539975390404 -1.15432142125 -0.539975390404 1.750089931|
|17|22.7827204557|49.2475776672 46.0627288818 -5.61534023285|0.001 1.26058564415e-14 -2.62085805977e-16 1.26058564415e-14 0.000998979135029 0.0 -2.62085805977e-16 2.05656077807e-23 0.000998979135029|
|18|91.1292111968|51.3134434059 47.3986455313 -21.9325094011|0.0573842460558 0.145469260927 -0.235912926959 0.145469260927 0.690077999203 -0.742310141126 -0.235912926959 -0.742310141126 1.05003099441|
|19|22.7827150391|45.8930358887 64.1084594727 -18.48969841|0.001 3.49112362433e-14 -2.88572586436e-15 3.49112362433e-14 0.000995953654162 1.08420217249e-19 -2.88572586436e-15 1.06148255961e-19 0.000995953654162|
|20|68.2488916034|51.4063363904 63.5111311662 -3.43446824297|0.157635796968 -0.140541500767 0.600815756026 -0.140541500767 0.198068455492 -0.69735718497 0.600815756026 -0.69735718497 2.65857148587|
|21|45.5654409286|46.840089798 53.953956604 -21.1352815628|0.0788096445128 -0.0160924292783 0.0834841722325 -0.0160924292783 0.0043535212545 -0.0172762190646 0.0834841722325 -0.0172762190646 0.0906187308112|
|22|241.964711623|63.256599155 42.5076989087 -16.6863935598|1.55075302059 3.33274965944 0.0146997263579 3.33274965944 12.6303281158 -0.469351029947 0.0146997263579 -0.469351029947 0.436581520304|
|23|22.7827204642|47.2202835083 46.2018928528 -32.1421852112|0.001 -1.25269736599e-13 -2.02260394612e-14 -1.25269736599e-13 0.000984379707588 -5.42101086243e-20 -2.02260394612e-14 -2.11643169771e-20 0.000984379707588|
|24|68.341018093|36.9196736475 59.0249668802 -27.6148739205|0.073590755707 0.00508604050255 0.360441887078 0.00508604050255 0.0348677486505 -0.0812298882765 0.360441887078 -0.0812298882765 2.12909529645|
|25|296.175610356|49.4176720562 59.6392000596 -28.8571824142|1.34381939929 -0.558426665582 0.733688040276 -0.558426665582 1.92910433874 0.757165465491 0.733688040276 0.757165465491 1.19324097125|
|26|45.5654409286|44.4500694275 53.6996498108 -10.61272192|0.631792686803 -1.77288228025 -1.0320490606 -1.77288228025 4.9834422478 2.90044915084 -1.0320490606 2.90044915084 1.6893973938|
|27|120.001378782|57.3855746648 48.1224174846 -25.5989853591|1.13710382484 2.41382003293 -0.19420681527 2.41382003293 6.6710266959 -2.22638229714 -0.19420681527 -2.22638229714 2.4015298298|
|28|134.107621384|34.7111092831 55.9953709835 -28.8854397349|22.4427262689 19.4496767134 -15.8213377827 19.4496767134 16.9426116898 -13.5658360141 -15.8213377827 -13.5658360141 11.4064747824|
|29|22.7827204643|49.805305481 47.0818710327 -12.6606779099|0.001 1.89831488232e-26 -1.61558713389e-27 1.87812004315e-26 0.001 5.42101086243e-20 -2.42338070084e-27 5.30598986634e-20 0.001|
|30|159.479050797|42.3234498995 52.3254443967 -15.0555657486|1.60353364403 0.785117776093 2.24603913303 0.785117776093 0.41689942196 1.07566339039 2.24603913303 1.07566339039 3.49514254501|
|31|90.8154310332|36.1443507519 39.6868200712 -19.2080678668|6.02954226368 -5.90901807069 5.35359101988 -5.90901807069 5.79453995946 -5.25101774347 5.35359101988 -5.25101774347 4.78687445801|
|32|205.044047656|57.0851439429 53.7336488982 -29.2051643954|0.299565002098 -0.703082845016 -1.27635571242 -0.703082845016 2.36023364298 4.16675571532 -1.27635571242 4.16675571532 7.521484299|
|33|22.7826685669|57.5850563049 43.6015014648 -23.4103050232|0.001 2.79351210725e-13 -2.25520096276e-14 2.79351210725e-13 0.000984379707588 1.08420217249e-19 -2.25520096276e-14 1.37139766261e-19 0.000984379707588|
|34|91.1330332205|53.9027239227 39.6801902634 1.43172253333|11.6734150652 -1.92872105415 -1.58848957073 -1.92872105415 0.386538887202 -0.0601877547633 -1.58848957073 -0.0601877547633 1.77512724981|
|35|91.1355322927|55.0523887954 57.1768967682 -7.67078622107|2.20425108807 4.87987068667 -3.85309114413 4.87987068667 21.8301489497 -12.8596363133 -3.85309114413 -12.8596363133 8.43730913749|
|36|1.51697854748|47.9498825073 52.2510032654 -7.75517702103|0.001 1.65434199856e-12 -6.87901782917e-14 1.65434199856e-12 0.000998979135018 -5.42101086243e-20 -6.87901782917e-14 -6.18095257604e-20 0.000998979135018|
|37|3.12297078291e-05|46.7540549475 47.6454428855 -8.78394030102|0.000985512053153 5.82115644795e-06 -3.22681358302e-07 5.82115644795e-06 0.000997609531214 -8.00643183641e-07 -3.22681358302e-07 -8.00643183641e-07 0.00098321034769|
|38|68.3481613929|42.8329086304 38.3468271891 -0.371313254039|6.59994359282 2.55457210158 5.28741214698 2.55457210158 0.991238141893 2.04985339684 5.28741214698 2.04985339684 4.24437879688|
|39|45.564553937|43.8164204159 61.1917230909 -16.2526908501|3.26871445429 -2.12123929744 0.674000336953 -2.12123929744 1.37799556622 -0.437527300094 0.674000336953 -0.437527300094 0.140013066439|
|40|22.7827204643|39.5721168518 55.5210876465 -26.0270595551|0.001 1.9185097215e-27 -2.01948391737e-28 2.01948391737e-27 0.001 0.0 0.0 -1.63178917872e-20 0.001|
|41|176.679149162|56.6659949397 46.9281166531 -11.4394270592|1.12346466475 0.0754181773292 1.49804437272 0.0754181773292 0.0560038849523 0.0888472271281 1.49804437272 0.0888472271281 2.10583552599|
|42|343.889784843|43.1498259868 34.900947441 -26.4992339892|1.99566100982 3.18406153828 -2.30066897981 3.18406153828 12.4371312224 -7.70415633932 -2.30066897981 -7.70415633932 4.97882524073|
|43|2.45556171765|47.9498825073 52.2510032654 -7.75517702103|0.001 2.5560365604e-22 0.0 2.55500258464e-22 0.000999999999999 0.0 -1.29246970711e-26 1.45733959828e-20 0.000999999999999|
|44|22.7827152884|54.5073623657 45.805973053 -23.8194999695|0.001 1.44386365338e-13 -2.3312608474e-14 1.44386365338e-13 0.000984379707588 1.62630325873e-19 -2.3312608474e-14 5.63985970725e-20 0.000984379707588|
|45|22.7827204643|52.7576789856 48.8459014893 -23.5452671051|0.001 3.43312265952e-27 4.03896783473e-28 3.43312265952e-27 0.001 0.0 4.03896783473e-28 -2.44088567791e-20 0.001|
|46|68.3481503907|47.9891776855 52.9236335788 -2.97061579023|0.0476738484485 0.00791175950059 0.00944040508461 0.00791175950059 0.0436693649082 -0.0124790767967 0.00944040508461 -0.0124790767967 0.00770587031545|
|47|45.5677010148|49.9183607656 49.2689033256 -6.2963174107|0.612132584229 0.503055101808 0.949351179874 0.503055101808 0.415090924138 0.781460424713 0.949351179874 0.781460424713 1.47574986264|
|48|133.951270577|44.0752801914 33.4122732405 -19.4860799196|9.07407603182 0.93539644091 -9.28657975416 0.93539644091 0.198211381254 -0.842597229186 -9.28657975416 -0.842597229186 10.0156807539|
|49|22.7827203965|53.8807525635 44.9966468811 1.14894652367|0.001 1.11229387636e-28 -2.52435489671e-29 1.12018248541e-28 0.001 3.38813178902e-21 -2.52435489671e-29 -2.29810136546e-21 0.001|
|50|91.1318042056|42.5848540877 51.7360049351 -19.3319280878|0.750999563649 1.78086616308 -0.435631492795 1.78086616308 4.90816780575 -1.53557866909 -0.435631492795 -1.53557866909 0.624218855085|
|51|22.7827204643|45.6754951477 53.213809967 -27.5937252045|0.001 0.0 -1.21169035042e-27 1.61558713389e-27 0.001 5.42101086243e-20 -8.07793566946e-28 -8.0077063146e-20 0.001|
|52|0.000933634635698|40.4728164651 48.6097907994 -26.0559921251|0.000984362766132 4.79585020282e-06 -1.11494707087e-06 4.79585020282e-06 0.000997647823453 -3.44896116687e-06 -1.11494707087e-06 -3.44896116687e-06 0.000983614229811|
|53|91.130830729|39.2393785413 58.069280013 -18.8275705899|0.738930596988 0.83133331518 0.897506571051 0.83133331518 1.01315770803 1.05309894696 0.897506571051 1.05309894696 1.12647066653|
|54|113.90016943|41.0403675204 52.6397654067 2.1573310297|6.15781243603 4.10579588275 2.70992757067 4.10579588275 2.88908299193 1.74669222781 2.70992757067 1.74669222781 1.24424460612|
|55|159.156396043|39.0834532281 48.7685801671 -31.9313109286|6.73421996449 0.43095806792 0.584817824469 0.43095806792 0.472663573089 -0.241307294821 0.584817824469 -0.241307294821 0.258952940917|
|56|91.1325975263|41.1978267029 47.2401538661 -34.0364583531|5.80670212164 -8.68410783129 -0.72209033626 -8.68410783129 13.7498846753 1.22993878814 -0.72209033626 1.22993878814 0.122494284677|
|57|205.068628751|66.3330469324 57.2827274955 -13.102492557|3.42529217379 -4.83278826429 0.587886676117 -4.83278826429 8.27429367437 -1.37574463216 0.587886676117 -1.37574463216 0.37513910621|
|58|5.76945306601e-08|47.5517516636 48.2119334348 -7.90030166495|0.00304446528541 -0.000973564611658 0.00180572287028 -0.000973564611658 0.00146361068236 -0.000859879331788 0.00180572287028 -0.000859879331788 0.00259486151317|
|59|239.074069937|42.5365785345 41.3043617011 6.08302494911|10.8708935553 -5.1591250861 3.53198566122 -5.1591250861 3.61876770832 -2.07507631778 3.53198566122 -2.07507631778 1.64971370177|
|60|22.7827177753|62.3738975525 53.9745788574 -12.7724132538|0.001 -3.72445059964e-14 -3.0785914744e-15 -3.72445059964e-14 0.000995953654162 -5.42101086243e-20 -3.0785914744e-15 -2.9840084722e-20 0.000995953654162|
|61|334.379033827|53.3695432115 69.5776700946 -25.1550958306|8.42477961326 -4.10475229929 1.03104469304 -4.10475229929 2.54075547423 -1.66882818872 1.03104469304 -1.66882818872 3.51104196015|
|62|113.91347891|46.9453152776 38.7723269239 -7.93189792947|0.17532663708 0.435834034801 -0.355748031776 0.435834034801 1.23259428316 -1.03005795631 -0.355748031776 -1.03005795631 0.898593558066|
|63|68.3476637049|44.6893586002 65.2932966893 -23.3667010995|9.36872559619 -0.556089973728 0.0729822396275 -0.556089973728 0.036707327855 0.000916902661257 0.0729822396275 0.000916902661257 0.0117873131838|
|64|22.7827204566|47.7780838013 52.5297889709 -3.45927214622|0.001 3.80658272123e-15 -3.96316171503e-17 3.80658272123e-15 0.00099974419644 1.35525271561e-20 -3.96316171503e-17 1.09158641104e-20 0.00099974419644|
|65|113.841436575|36.6476880877 47.432926854 -30.7205716798|2.51818595559 2.78176393067 -7.96195593835 2.78176393067 3.39864805396 -9.03547736515 -7.96195593835 -9.03547736515 25.5388832664|
|66|220.557448731|50.7438891688 52.1401359005 4.73948284617|12.9875838016 17.3194911803 -9.46241525921 17.3194911803 30.1590618271 -12.2083194446 -9.46241525921 -12.2083194446 7.13803324049|
|67|45.5654409286|35.4298152924 60.6523342133 -28.282790184|2.80961269611 3.02448032968 -1.35583638665 3.02448032968 3.25762661685 -1.45995911749 -1.35583638665 -1.45995911749 0.655315039577|
|68|67.4891265888|56.3568579649 50.7514986567 -27.9312028587|6.06073585259 1.37156398116 3.54184483874 1.37156398116 0.331706155392 0.804636004978 3.54184483874 0.804636004978 2.07160305357|
|69|91.1308636679|44.4822453703 52.5926286173 -27.5177690381|0.098500388273 -0.125348110796 0.154875796509 -0.125348110796 0.243410213262 -0.311397833924 0.154875796509 -0.311397833924 0.402212652678|
|70|267.810553782|50.3365660167 48.1556030743 6.46557260064|4.28896109114 3.79308231425 0.668301011817 3.79308231425 3.72724122565 1.02619592441 0.668301011817 1.02619592441 0.879377506425|
|71|68.3335397244|52.8090912632 66.5176551584 -12.3506276352|5.13065405968 3.18146990616 7.26072213025 3.18146990616 2.00148191564 4.49748968076 7.26072213025 4.49748968076 10.2793102713|
|72|0.0783600232189|46.1298065185 56.6972541809 -22.3266925812|0.001 3.52090740555e-13 5.29395592034e-23 3.52090740661e-13 0.000999999226948 0.0 0.0 -1.05716784212e-20 0.000999999226948|
|73|0.00760662493802|45.7550125119 51.0751304623 -7.30348157878|0.00099933697025 -5.93503534406e-06 -2.7219277062e-07 -5.93503534406e-06 0.000946760071993 3.03440669914e-08 -2.7219277062e-07 3.03440669914e-08 0.000946099825524|
|74|91.1284613622|44.4827508407 43.3447065924 -18.7306701862|1.26431812446 -0.124417854536 0.0673856698469 -0.124417854536 0.323098769263 0.236152546435 0.0673856698469 0.236152546435 0.325554492713|
|75|43.7974017449|37.2215675924 59.2699161135 -30.0329737029|0.00112576438555 -0.000569646355261 0.000409041232735 -0.000569646355261 0.00247418298222 -0.00110398621162 0.000409041232735 -0.00110398621162 0.00170853747754|
|76|45.5654409286|48.7871837616 39.076789856 -32.4587650299|2.08572979434 -0.894129886285 0.494765650282 -0.894129886285 0.384281122854 -0.212188120317 0.494765650282 -0.212188120317 0.118232224398|
|77|45.5654409286|49.5041484833 54.7516613007 -17.8801541328|6.42460102443 0.614320281879 6.24218672956 0.614320281879 0.0597315665811 0.596975357036 6.24218672956 0.596975357036 6.06682942718|
|78|136.665009954|41.5160502679 56.1528187421 -4.52454237074|0.981753429822 -1.05793970622 -0.943063501047 -1.05793970622 1.27853159382 1.09746478376 -0.943063501047 1.09746478376 1.021891071|
|79|9.57738440738|51.5038223267 60.8585510254 -16.1129188538|0.001 4.47356077375e-24 -6.46234853557e-27 4.47356077375e-24 0.001 5.42101086243e-20 -6.46234853557e-27 7.5440078124e-20 0.001|
|80|91.1274820839|33.7938498518 60.3444321792 -28.009033766|0.571101474042 -0.38932067647 0.086107396424 -0.38932067647 0.353863532812 -0.978203141211 0.086107396424 -0.978203141211 9.74435302063|
|81|68.3481613927|46.3142636617 38.720006307 -13.4270378749|0.0106355954528 -0.059656586417 0.0325744064279 -0.059656586417 0.570144250525 -0.391006482833 0.0325744064279 -0.391006482833 0.290535053166|
|82|282.320160525|36.4374536161 49.768906975 0.0395067227905|1.8948290305 -5.01731639861 2.50454851134 -5.01731639861 40.4493703463 -18.8230083725 2.50454851134 -18.8230083725 9.28798927244|
|83|68.3681205797|48.2976638056 58.5831404599 -37.5179367935|2.37291179831 -5.04698001831 4.57433049466 -5.04698001831 12.9466123479 -11.354502231 4.57433049466 -11.354502231 10.0138832784|
|84|290.262317162|60.3023763808 49.9352916748 -11.9790921323|8.63165172623 4.3993667188 -3.58147199565 4.3993667188 41.5210460694 15.3751226971 -3.58147199565 15.3751226971 9.10721049116|
|85|45.5654409286|44.9832115173 49.3835163116 -6.93587017059|0.00948131551604 -0.0123950355105 -0.0104859915639 -0.0123950355105 0.0182747047169 0.0148024823593 -0.0104859915639 0.0148024823593 0.0132238506597|
|86|22.7827204643|50.8568115234 40.9543685913 -15.3597774506|0.001 2.04709090578e-13 -1.65261549058e-14 2.04709090578e-13 0.000984379707588 5.42101086243e-20 -1.65261549058e-14 8.95640245337e-20 0.000984379707588|
|87|22.782720455|48.5852355957 45.2016220093 -9.74169826508|0.001 -3.10495652295e-27 -2.01948391737e-28 -1.51461293802e-27 0.001 2.71050543121e-20 -2.01948391737e-28 -3.41224451285e-20 0.001|
|88|136.669522508|49.0249554741 51.0760336948 3.00722624609|0.0432286902234 0.191075557922 -0.0801215722016 0.191075557922 7.94030942477 2.85800020824 -0.0801215722016 2.85800020824 1.79944170086|
|89|68.3416377065|52.0874892304 58.5635053103 -6.57566744943|0.0295220386686 0.205983877885 -0.107801536746 0.205983877885 8.83526821488 1.72451545582 -0.107801536746 1.72451545582 1.26124792925|
|90|135.212608631|54.1696511391 54.315823901 -8.59410684892|1.75421302191 -1.4947010672 0.958133900933 -1.4947010672 1.46361752249 -0.943957409024 0.958133900933 -0.943957409024 0.688265895686|
|91|2.42457591734|47.9498825073 52.2510032654 -7.75517702103|0.001 2.83857043838e-22 1.29246970711e-26 2.83753646261e-22 0.000999999999999 0.0 1.29246970711e-26 4.11413263245e-20 0.000999999999999|
|92|133.362887963|58.0327505356 63.1241101118 -6.9026523442|2.42917177642 -1.36035810665 -5.6666613795 -1.36035810665 0.793657610061 3.44539162367 -5.6666613795 3.44539162367 15.6318796822|
|93|113.895012668|49.3046199564 39.7849401505 6.74434941342|6.49599783077 6.12563154828 3.84330607283 6.12563154828 7.17107169262 3.44285068498 3.84330607283 3.44285068498 2.41171380517|
|94|217.099580381|52.2317548143 69.3791541828 -23.3968515569|24.8943460896 -7.18257907654 26.4683626424 -7.18257907654 2.78351495562 -8.93342044242 26.4683626424 -8.93342044242 32.1912963786|
|95|225.35388186|51.3171404398 36.2662423307 -22.4989393602|9.04466923644 -9.93432841239 8.5386694324 -9.93432841239 11.707788494 -9.91124260591 8.5386694324 -9.91124260591 8.55863148895|
|96|45.5654376376|41.0382099025 61.2030258248 -26.6540880188|0.138393979587 -0.0775014631078 -0.00968112950781 -0.0775014631078 0.0446818674824 0.00546049808642 -0.00968112950781 0.00546049808642 0.0016536948254|
|97|22.7827204643|40.5204429626 55.3758087158 -28.7183055878|0.001 1.00974195868e-27 -4.03896783473e-28 1.21169035042e-27 0.001 5.42101086243e-20 -4.03896783473e-28 -7.65137581863e-20 0.001|
|98|112.912777033|51.4268494449 43.8288085209 3.70857834343|2.42712189678 -2.01688553881 2.60050909279 -2.01688553881 2.2540422728 -2.55807080394 2.60050909279 -2.55807080394 3.06278079322|
|99|22.7331269242|51.2892913818 50.8956222534 -7.50278091431|0.001 -1.80491375115e-27 0.0 -2.01948391737e-28 0.001 2.71050543121e-20 1.00974195868e-28 -3.33453683466e-20 0.001|
|100|22.782720462|49.46301651 44.2891921997 -16.5459823608|0.001 1.31266454629e-27 -2.01948391737e-28 1.31266454629e-27 0.001 0.0 0.0 -1.23690122031e-20 0.001|
|101|159.439936058|32.4117481782 48.3292976015 -23.184218346|20.1629010943 -17.273832308 -7.13557691527 -17.273832308 15.3877459857 5.62851909432 -7.13557691527 5.62851909432 2.93807234455|
|102|22.7817868297|40.4728164673 48.609790802 -26.0559921265|0.001 -4.03896783473e-28 -4.03896783473e-28 -4.03896783473e-28 0.001 0.0 -4.03896783473e-28 -1.75348647125e-20 0.001|
|103|111.066004203|57.4789279578 54.5171667071 -13.3578570734|1.38683166816 1.03530966156 2.08030615085 1.03530966156 1.23426732277 3.19783275902 2.08030615085 3.19783275902 9.06216764524|
|104|383.386289759|50.4656923792 58.8103080793 -32.5949976517|7.71948824568 2.0904983402 6.43452741385 2.0904983402 1.31345986366 1.60925288223 6.43452741385 1.60925288223 5.55618401492|
|105|22.7827204185|37.3273429871 48.899887085 -14.7813110352|0.001 1.06022905662e-27 0.0 1.06022905662e-27 0.001 0.0 2.01948391737e-28 -6.25469447817e-21 0.001|
|106|0.184223104022|49.082901001 45.1986274719 -9.52209472656|0.000999999999841 8.02670308586e-10 -3.31739496821e-11 8.02670308586e-10 0.000995953499704 -6.58040245557e-15 -3.31739496821e-11 -6.58041667727e-15 0.000995953499545|
|107|68.3466107169|60.7394472662 57.072334777 -15.0727379967|12.468786004 -0.694102055012 11.590273359 -0.694102055012 0.0448570399397 -0.640557785028 11.590273359 -0.640557785028 10.7797428788|
|108|22.7827204643|36.0114440918 60.5538978577 -30.2530879974|0.001 2.62532909258e-27 0.0 2.62532909258e-27 0.001 0.0 0.0 -1.8510473489e-20 0.001|
|109|45.5632674618|47.2933092081 41.1912052271 -11.8890689046|0.0130093210124 0.0122900415101 0.00783244299178 0.0122900415101 0.0130848826202 0.00788269397548 0.00783244299178 0.00788269397548 0.0057152157463|
|110|134.966750236|51.0636249094 64.0674454609 -12.3751459526|20.2155581129 7.66857993136 -9.4579086037 7.66857993136 2.96566584511 -3.70498348252 -9.4579086037 -3.70498348252 4.86492861824|
|111|590.096303333|39.6439323062 62.1839556447 -11.9526780382|13.4497098514 14.8467034436 10.7240212388 14.8467034436 17.094812256 11.9700362011 10.7240212388 11.9700362011 8.98759527515|
|112|4.11214733897|49.082901001 45.1986274719 -9.52209472656|0.001 2.02971437833e-13 -8.43987604048e-15 2.02971437833e-13 0.000998979135029 2.71050543121e-20 -8.43987604048e-15 3.34801884552e-20 0.000998979135029|
|113|295.89915992|37.2026770848 66.6388775561 -10.6302286542|3.74582191665 -3.25309288412 3.18908009835 -3.25309288412 7.06557551582 -5.11452166297 3.18908009835 -5.11452166297 4.22118690827|
|114|45.5651811539|52.3523053316 45.9516287363 -13.7365074032|4.599784597 -3.15257225167 4.19285703858 -3.15257225167 2.16201167738 -2.87424816185 4.19285703858 -2.87424816185 3.82351452391|
|115|91.0895762527|52.2216306803 42.3046205295 -6.80549259088|1.57843746407 2.00110659885 2.8159860129 2.00110659885 6.06637094182 5.11118593206 2.8159860129 5.11118593206 5.72289574984|
|116|22.7460982386|46.5333099365 47.7930145264 -9.44482517242|0.001 1.13595970352e-27 2.01948391737e-28 1.13595970352e-27 0.001 0.0 5.04870979341e-28 -6.52184661945e-21 0.001|
|117|160.542007271|43.1345601392 67.3845046405 -29.7322206952|9.43032037467 -2.72784460148 0.0419992890874 -2.72784460148 1.93202603833 -0.999115834067 0.0419992890874 -0.999115834067 0.954655556886|
|118|22.7827204643|49.8663978577 45.6628456116 -10.3674240112|0.001 2.27191940704e-27 4.03896783473e-28 2.297162956e-27 0.001 0.0 0.0 -8.698781011e-21 0.001|
|119|91.1301693273|57.6816851408 55.8757823933 -20.1699002521|1.57561991782 2.06406734805 1.86801129647 2.06406734805 3.06094190287 2.46864003187 1.86801129647 2.46864003187 2.21823163136|
|120|22.7827204643|32.9827766418 60.42552948 -28.2829914093|0.001 1.17130067207e-26 -8.07793566946e-28 8.48183245294e-27 0.001 5.42101086243e-20 -1.61558713389e-27 2.79305763269e-20 0.001|
|121|68.4227330301|54.884373236 58.5020011779 -23.9829357622|3.02450155919 3.87939391664 4.21814193911 3.87939391664 4.9837729724 5.43373451754 4.21814193911 5.43373451754 5.97500128507|
|122|136.742745674|36.1150032464 60.5296234016 -20.6419131897|0.202327466417 0.0968377610698 -0.194437799388 0.0968377610698 2.04436282542 1.68108971049 -0.194437799388 1.68108971049 1.87668455178|
|123|92.1255691308|40.8155172053 43.9874181328 -0.492313971199|1.89973175564 -2.21365612616 1.81332967867 -2.21365612616 5.67267129301 -3.26410553025 1.81332967867 -3.26410553025 2.17063421917|
|124|1.58755100669e-06|48.0022846486 45.3123640507 7.3301835041|1.10457306086 3.0480258954 -0.704070334031 3.0480258954 8.42750430272 -1.94190831663 -0.704070334031 -1.94190831663 0.451119315531|
|125|110.810504907|42.7881809443 35.9540196186 -13.2517619231|2.06123556393 1.17413685132 -3.35014964765 1.17413685132 0.81965080662 -1.96680905938 -3.35014964765 -1.96680905938 6.02065613474|
|126|113.907052234|42.0561378566 46.7375039416 -15.3792162797|0.395066525769 0.273661987678 0.387736622225 0.273661987678 0.28826936931 0.499364788319 0.387736622225 0.499364788319 1.42353514929|
|127|5.56754202798|47.7089729309 49.0570907593 -12.0581712723|0.001 -4.77938808864e-13 -3.95059164536e-14 -4.77938808864e-13 0.000995953654162 -2.71050543121e-20 -3.95059164536e-14 -7.56161070564e-20 0.000995953654162|
|128|68.348161393|49.3293533325 54.3404045105 -13.1116673152|0.00546956127416 0.00130248477217 0.00214734077357 0.00130248477217 0.0274583320338 -0.0183510616165 0.00214734077357 -0.0183510616165 0.0158405861603|
|129|90.9663708839|58.0181701078 39.6606180269 -20.3414237091|0.0932456672146 0.375042353752 0.155811694142 0.375042353752 2.04169712958 1.47096257197 0.155811694142 1.47096257197 2.52777552441|
|130|0.00465723083856|47.9498825068 52.2510032648 -7.75517702094|0.000999515410861 4.60730047999e-06 -3.38813178902e-21 4.60730047999e-06 0.000956195432334 -2.71050543121e-20 1.69406589451e-21 -4.36221967836e-20 0.000955710843195|
|131|185.974681068|60.0811753695 60.3298000159 -22.301292815|0.13369175575 -0.0776230464462 0.67051392691 -0.0776230464462 0.351308671178 -0.972711490388 0.67051392691 -0.972711490388 5.91917796998|
|132|175.638713316|55.3536854732 48.9710563698 -34.0593049468|3.83721217291 -2.06279549341 2.8865532763 -2.06279549341 1.99905288518 -1.19532865999 2.8865532763 -1.19532865999 2.8688877846|
|133|201.239262261|65.0051480572 48.0354069002 -9.72918825968|0.255174662663 -0.0906834300884 -1.21798954289 -0.0906834300884 0.163946042148 0.64578435812 -1.21798954289 0.64578435812 17.3268345659|
|134|162.352947416|35.9694395012 57.7055736378 -30.0611949734|6.66091601326 6.49494246043 -1.32346709537 6.49494246043 6.46608992025 -0.883214636605 -1.32346709537 -0.883214636605 1.87292668302|
|135|233.105477303|43.2250486487 37.4794075258 -19.469677343|5.01047495574 -2.10984840374 2.16035532503 -2.10984840374 1.25396235528 -0.649849083794 2.16035532503 -0.649849083794 1.3893775752|
|136|91.1306354267|38.3770715353 56.8928327094 -15.1118735989|0.392690567532 -0.337328022506 1.67762198445 -0.337328022506 2.0044349576 -3.41626618255 1.67762198445 -3.41626618255 9.45895473889|
|137|22.7827072012|36.7861557007 60.7476348877 -24.4799880981|0.001 1.00974195868e-27 0.0 1.00974195868e-27 0.001 0.0 -2.01948391737e-28 -1.49134011791e-20 0.001|
|138|68.348161393|49.7486635844 57.506875356 -13.7145382563|6.0557208905 -0.225435157969 -2.93538026034 -0.225435157969 0.00939379865728 0.109223494292 -2.93538026034 0.109223494292 1.45065791391|
|139|45.5643534513|38.6649036356 60.0823192522 -23.9841032439|0.00122252803683 0.0003187548391 0.00175750486778 0.0003187548391 0.00145659256648 0.00251749482595 0.00175750486778 0.00251749482595 0.0148806031109|
|140|496.019854461|58.1170731552 46.4889008596 -26.1246613795|3.4985127735 1.69499612846 -0.766465613552 1.69499612846 5.33553875769 -3.13657588422 -0.766465613552 -3.13657588422 1.96614884554|
|141|22.782720459|32.4400978088 48.7492866516 -24.1986198425|0.001 1.57528878229e-13 -1.27172986622e-14 1.57528878229e-13 0.000984379707588 5.42101086243e-20 -1.27172986622e-14 1.41218565229e-20 0.000984379707588|
|142|11.0777230651|49.082901001 45.1986274719 -9.52209472656|0.001 1.0901077373e-13 -9.01071526242e-15 1.0901077373e-13 0.000995953654162 5.42101086243e-20 -9.01071526242e-15 4.06953388905e-20 0.000995953654162|
|143|0.00126693372162|46.1746253949 50.751335142 -6.30045652364|0.000997841513796 8.72344561623e-07 -4.62761910514e-08 8.72344561623e-07 0.000999640395764 -1.14182196757e-07 -4.62761910514e-08 -1.14182196757e-07 0.000997494023849|
|144|22.7799712643|46.7540550232 47.6454429626 -8.78394031525|0.001 -2.51616915645e-14 -2.07983881272e-15 -2.51616915645e-14 0.000995953654162 -2.71050543121e-20 -2.07983881272e-15 -3.57352315694e-20 0.000995953654162|
|145|45.5649172715|45.607894968 47.5869302063 -33.5279672851|0.0589109832413 0.168363705932 0.920149353149 0.168363705932 0.484870033471 2.64757748061 0.920149353149 2.64757748061 14.4776076026|
|146|181.488342817|57.691727628 50.8081995749 -18.0892892577|1.32113804106 2.22827805894 1.04965866893 2.22827805894 4.25194858088 1.92462627981 1.04965866893 1.92462627981 0.929421735089|
|147|0.0108942852896|47.9498825071 52.2510032651 -7.75517702099|0.000999999104952 4.33884329906e-08 1.81233422811e-09 4.33884329906e-08 0.000997893028049 3.73210475111e-11 1.81233422811e-09 3.73210475347e-11 0.000997892136119|
|148|13.2053360211|51.5038223267 60.8585510254 -16.1129188538|0.001 1.10341364037e-13 -9.12070044988e-15 1.10341364037e-13 0.000995953654162 1.08420217249e-19 -9.12070044988e-15 4.68204033584e-20 0.000995953654162|
|149|22.7827131273|43.9584655762 53.0857391357 -10.4760637283|0.001 -6.84132604211e-15 -2.84473245913e-16 -6.8413260421e-15 0.000998979135029 -5.42101086243e-20 -2.84473245913e-16 -8.89211890347e-20 0.000998979135029|
|150|293.819609343|45.9253105707 33.929323408 -16.779461067|17.7133701008 11.9288049229 -10.619464886 11.9288049229 8.17319517961 -7.15694533629 -10.619464886 -7.15694533629 6.7391156412|
|151|459.643135452|46.2448811066 70.0511933341 -28.1745374416|13.7939833908 -0.464313336775 -13.4760417906 -0.464313336775 2.08264019024 -1.54071688472 -13.4760417906 -1.54071688472 16.6966751979|
|152|188.804059137|40.2567727626 34.2882008647 -24.6713231947|21.4212689771 -6.69136822514 0.59679300735 -6.69136822514 2.59353392108 -0.281744219884 0.59679300735 -0.281744219884 0.220373402657|
|153|22.7827204639|49.7365493774 57.0826148987 -15.7684164047|0.001 -3.54460116638e-14 -2.92992983502e-15 -3.54460116638e-14 0.000995953654162 -8.13151629364e-20 -2.92992983502e-15 -3.15669589148e-20 0.000995953654162|
|154|0.00271796869455|46.7540550223 47.6454429618 -8.78394031508|0.000997971208086 7.14841291954e-07 -6.08703261745e-08 7.14841291954e-07 0.000999731695938 -1.7151252413e-07 -6.08703261745e-08 -1.7151252413e-07 0.00099773211337|
|155|91.1308689156|58.5932589105 43.787826434 -13.735739613|1.43780946997 -0.806317040962 1.24479065863 -0.806317040962 0.585953000592 -0.785559689481 1.24479065863 -0.785559689481 1.13658349872|
|156|22.7803618464|37.2322998047 58.6991157532 -30.1822910309|0.001 2.07938119262e-13 -1.67868342341e-14 2.07938119262e-13 0.000984379707588 1.08420217249e-19 -1.67868342341e-14 5.25349707687e-20 0.000984379707588|
|157|249.582208577|64.1568259838 51.8732208082 -8.84240508854|4.0638717758 5.5950122469 7.01598531723 5.5950122469 8.53016388462 9.72673720975 7.01598531723 9.72673720975 12.4115814953|
|158|1.06553298323e-07|39.1138730306 39.6059649296 -6.07944295246|0.0010014598232 -5.90503817675e-07 4.85446682384e-08 -5.90503817675e-07 0.00100025097868 1.1918700686e-07 4.85446682384e-08 1.1918700686e-07 0.00100169049628|
|159|351.633943591|33.8977082984 58.2430554025 -12.9631623829|8.17419135613 -4.05840729195 12.7284322879 -4.05840729195 2.19419409458 -6.32885013257 12.7284322879 -6.32885013257 21.5416262679|
|160|228.909699522|43.8519429042 45.8091535275 1.58359449862|6.63454329661 -1.91149653465 1.15281463148 -1.91149653465 1.03030303053 -0.529785646555 1.15281463148 -0.529785646555 0.419583482477|
|161|45.5654409286|48.1869468689 47.8999404907 -7.68635964394|0.00397696983034 0.000753868749598 -0.0062309557261 0.000753868749598 0.00119090488786 -0.0015778872712 -0.0062309557261 -0.0015778872712 0.0140417207675|
|162|68.3482125193|45.3742469757 60.9874126745 -16.5152466474|2.73454352286 0.662142248402 1.48397370719 0.662142248402 0.178164765206 0.290001975336 1.48397370719 0.290001975336 1.09421483132|
|163|22.782687818|57.0722999573 47.8861312866 -17.8542690277|0.001 -1.41363874216e-27 8.07793566946e-28 -1.41363874216e-27 0.001 0.0 8.07793566946e-28 -2.47940581128e-20 0.001|
|164|22.7826531529|52.3556938171 42.892829895 -7.56137943268|0.001 -7.06819371078e-28 1.00974195868e-28 9.08767762815e-28 0.001 -2.71050543121e-20 -1.00974195868e-28 2.08618143097e-20 0.001|
|165|45.5635489613|43.2855508862 36.8773053302 -17.5575339055|1.90962271205 1.9231616527 -2.84151879892 1.9231616527 1.93875587126 -2.86311689112 -2.84151879892 -2.86311689112 4.2312812445|
|166|68.3434025955|59.5686506573 48.3598834028 -22.5909564404|1.93491793022 -1.28646976729 -0.750799749376 -1.28646976729 0.887750736658 0.481787171323 -0.750799749376 0.481787171323 0.302545224527|
|167|190.246943321|35.770304072 46.4304794475 -17.2657872346|6.47522657499 0.443512277464 -4.64210083077 0.443512277464 0.045002644463 -0.370248867675 -4.64210083077 -0.370248867675 5.60392303474|
|168|22.7827204643|44.8130302429 51.3003921509 -26.888999939|0.001 -2.01948391737e-28 -4.03896783473e-28 -4.03896783473e-28 0.001 -5.42101086243e-20 -8.07793566946e-28 3.11915450328e-20 0.001|
|169|45.5416380125|52.8506235457 60.4299579004 -26.7373196133|0.955588420574 0.910066433683 -2.85200268848 0.910066433683 0.868574479696 -2.71889927588 -2.85200268848 -2.71889927588 8.52153329132|
|170|1.12959866814e-08|47.4276735663 48.1302963208 -8.03628534888|0.081816046066 0.0561669909216 0.0892855152041 0.0561669909216 0.0423898883657 0.062498569804 0.0892855152041 0.062498569804 0.09972690355|
|171|45.5654409286|41.3705177307 57.1827659607 -23.3701868057|1.62954844757 0.00479508875287 -0.993962264118 0.00479508875287 0.00101411863195 -0.00292661681669 -0.993962264118 -0.00292661681669 0.60765126909|
|172|362.572718151|64.8743516436 53.163637848 -8.43235061594|11.76400581 6.81056678668 13.8198816329 6.81056678668 4.29606699901 8.7095111622 13.8198816329 8.7095111622 18.0142311871|
|173|273.626001729|43.5802997842 60.5954175786 1.67724480339|1.30900813362 -1.32154615966 3.09942360771 -1.32154615966 3.53695880952 -4.64676140045 3.09942360771 -4.64676140045 9.37276720337|
|174|0.0495935401253|51.2892913818 50.8956222534 -7.5027809143|0.000999999958777 1.2967463406e-08 -5.35981280964e-10 1.2967463406e-08 0.000995913844485 -1.70094302955e-12 -5.35981280964e-10 -1.70094302555e-12 0.000995913803403|
|175|45.4213611465|52.4479614168 46.2425890877 -18.0135458154|3.15134717437 1.0441979534 4.96756253217 1.0441979534 0.347103313954 1.6465216016 4.96756253217 1.6465216016 7.83399873837|
|176|68.3481119242|44.1778409061 34.5669133413 -6.93089197195|7.17519864088 3.0767208063 2.17259914151 3.0767208063 1.32475232557 0.98218906434 2.17259914151 0.98218906434 1.25466779662|
|177|0.484905684265|47.9498825073 52.2510032654 -7.75517702103|0.001 1.29023549952e-16 -2.48154183766e-24 1.29023536717e-16 0.000999999995961 5.42101086243e-20 -2.48154183766e-24 1.94529540392e-20 0.000999999995961|
|178|45.5654409286|41.7452945709 52.2659683228 -25.255689621|0.0408486635758 -0.0252495703736 0.0299357806415 -0.0252495703736 0.0169940045319 -0.0189670227208 0.0299357806415 -0.0189670227208 0.0234840367213|
|179|6.44356343726|47.5538061677 48.2110172214 -7.89853083093|0.00182328524139 -0.00153967426499 0.00106761934543 -0.00153967426499 0.00261929731313 -0.00134086973956 0.00106761934543 -0.00134086973956 0.00152095044537|
|180|198.459311493|61.4195285298 60.9154198546 -11.6481941255|3.37763314294 -4.94107978102 5.86155539473 -4.94107978102 9.70160888891 -7.74678007404 5.86155539473 -7.74678007404 10.9059267114|
|181|113.914179714|34.3842700254 55.3834073692 -35.4676845568|1.25980533569 -1.56857310705 -1.02644273552 -1.56857310705 2.04749522965 1.27547321259 -1.02644273552 1.27547321259 0.984594039624|
|182|1.76147778527|37.221770201 59.2695007416 -30.0326247009|0.000981989153071 -0.000558854404348 0.000331057612828 -0.000558854404348 0.00264820482597 -0.00106613968377 0.000331057612828 -0.00106613968377 0.00144514450221|
|183|22.7826588381|38.1650161743 50.8896408081 -25.3610363007|0.001 3.13020007192e-27 4.03896783473e-28 3.23117426779e-27 0.001 0.0 4.03896783473e-28 -1.56216683386e-20 0.001|
|184|481.465221832|46.7640705546 30.2424642646 -20.0762964956|16.4405690274 6.30550674368 -4.24062789527 6.30550674368 2.9138981453 -1.91659437415 -4.24062789527 -1.91659437415 1.90937354649|
|185|231.664569103|48.0626450089 59.7440113384 -34.0803270217|7.4222865091 8.12364477797 2.81986859291 8.12364477797 11.9685360591 2.95793813512 2.81986859291 2.95793813512 1.11887552868|
|186|22.7827204641|50.8818092346 47.9353065491 -23.5985736847|0.001 3.23117426779e-27 4.03896783473e-28 3.23117426779e-27 0.001 0.0 4.03896783473e-28 -2.44088567791e-20 0.001|
|187|68.3368203036|41.4595251648 42.4007430711 1.09430377725|4.12831560976 7.75341041933 -4.79608139501 7.75341041933 15.7245458109 -9.66180425195 -4.79608139501 -9.66180425195 5.94130418501|
|188|39.079630604|47.5541073752 48.2108737875 -7.89826479667|0.00304962714156 -0.000976025260406 0.00181028378001 -0.000976025260406 0.00146477980782 -0.000862050790591 0.00181028378001 -0.000862050790591 0.00259888952372|
|189|45.5654409228|50.3014144898 44.6214466093 -1.7169840039|0.318958414208 -0.871023041681 -0.501069069099 -0.871023041681 2.38652850529 1.37233970296 -0.501069069099 1.37233970296 0.790385876354|
|190|45.5654317751|56.2492026847 48.8256281817 0.501586042784|0.220102987633 0.446972785386 -0.183606673279 0.446972785386 0.91283155564 -0.374560419591 -0.183606673279 -0.374560419591 0.154861582147|
|191|76.951336877|35.1012293917 54.0502713831 -21.3419490769|0.208505420236 0.0243956644288 -1.63352728606 0.0243956644288 2.90113621956 1.48556703962 -1.63352728606 1.48556703962 13.8325685294|
|192|91.1308818573|51.5872325897 50.9878902435 -10.5712208748|0.0500327180123 -0.0758988188281 -0.181940493228 -0.0758988188281 0.164890555046 0.420106334578 -0.181940493228 0.420106334578 1.09758311862|
|193|91.1330432719|48.7897015677 44.9240942531 -16.4924542519|1.20999114298 2.56554139785 -3.02765624919 2.56554139785 5.51311753842 -6.5385384934 -3.02765624919 -6.5385384934 7.77362167427|
|194|22.7827204643|47.7494239807 53.3360366821 -13.1219825745|0.001 1.41363874216e-27 0.0 3.02922587605e-27 0.001 0.0 0.0 -1.14380341908e-20 0.001|
|195|45.5654409286|50.198059082 42.1301956177 -12.2802395821|0.0467534892555 0.0387485152449 0.0465029676469 0.0387485152449 0.0333653558507 0.0391746196796 0.0465029676469 0.0391746196796 0.0478639944014|
|196|0.0685350287759|37.049915305 59.7702675253 -19.533454871|0.00100000197721 -9.79827002224e-09 -6.0555639005e-09 -9.79827002224e-09 0.00100004385441 2.71934096538e-08 -6.0555639005e-09 2.71934096539e-08 0.00100001659977|
|197|114.523813534|53.8039610829 52.2116634688 -18.9627565186|0.619414775721 0.165415902735 0.486953990079 0.165415902735 9.00046590142 4.21077355643 0.486953990079 4.21077355643 2.27047997275|
|198|387.220839831|45.5086701975 52.7582180878 -32.1992254951|2.17076763115 -2.69042880326 -0.0818154678145 -2.69042880326 4.3407288718 -0.176934409135 -0.0818154678145 -0.176934409135 0.139595593547|
|199|45.5654409286|47.3409786224 56.875213623 -18.9648113251|0.0117696515661 0.0103870358871 0.00957489303619 0.0103870358871 0.0110180134759 0.00923472379509 0.00957489303619 0.00923472379509 0.00951267806502|
|200|68.3057073046|55.2830813873 57.7989590162 -25.3758255949|11.7900070827 -4.52081015098 -2.76900019982 -4.52081015098 1.74072319625 1.24745603688 -2.76900019982 1.24745603688 6.30125174162|
|201|22.7783406497|47.6949424739 46.661521912 -28.9504814143|0.000878662144747 -3.68087068429e-05 -1.58796702848e-05 -3.68087068429e-05 0.000967716476737 4.41326959716e-05 -1.58796702848e-05 4.41326959716e-05 0.000884457068345|
|202|113.911331593|46.0368048255 45.7653080165 -12.1789058335|0.106599346613 0.11480294888 0.03539279586 0.11480294888 0.373187496765 0.325948692328 0.03539279586 0.325948692328 0.421874863101|
|203|159.516080289|51.915591278 52.5306851594 -27.9929667872|1.22559494678 -0.400921223501 0.286942824113 -0.400921223501 2.68121592384 0.826957815227 0.286942824113 0.826957815227 0.41365444196|
|204|68.3530382466|46.1902106466 45.2374890155 -26.6568939101|0.973630909528 1.63687317855 -1.68083701634 1.63687317855 7.09169520776 -3.88510013166 -1.68083701634 -3.88510013166 3.16307377993|
|205|22.7827203884|58.2810096741 43.6895065308 -21.0650844574|0.001 -2.82727748431e-27 4.03896783473e-28 -1.21169035042e-27 0.001 0.0 -4.03896783473e-28 -2.5573048197e-20 0.001|
|206|68.3480040283|52.2552822379 57.0235129669 -12.207848829|0.00461117929135 0.0107328523329 0.0091785931002 0.0107328523329 0.0331011239617 0.0278493935163 0.0091785931002 0.0278493935163 0.0259365956316|
|207|68.2069453642|40.8207310159 63.5152282268 -12.717988114|1.61860883092 -4.82807451584 2.99476673144 -4.82807451584 16.0389536717 -9.79033432331 2.99476673144 -9.79033432331 5.99122039272|
|208|22.7827034714|51.9284667969 45.7999534607 3.71378755569|0.001 1.1877089789e-26 2.01948391737e-28 1.1877089789e-26 0.001 -1.35525271561e-20 0.0 -1.73002069762e-20 0.001|
|209|91.4744292237|37.7777341979 45.7995986615 -14.7104713445|33.4533564806 -26.1400542082 34.3001486951 -26.1400542082 20.600470288 -27.2253046288 34.3001486951 -27.2253046288 36.2382932245|
|210|182.377802834|37.4451597187 52.8259209173 -33.099456388|1.01618108249 0.571515936335 0.304316951798 0.571515936335 1.8373166955 -0.361222247169 0.304316951798 -0.361222247169 0.303587795288|
|211|591.505965125|33.893479087 41.1158366655 -23.9941257912|4.10664841817 0.238972446902 1.65942443441 0.238972446902 3.67912097618 2.94087458144 1.65942443441 2.94087458144 3.6601723054|
|212|22.7817008673|50.3520393372 57.8038139343 -17.6767673492|0.001 -5.04870979341e-28 0.0 -5.04870979341e-28 0.001 5.42101086243e-20 2.01948391737e-28 -7.04817856588e-20 0.001|
|213|68.3481613248|48.4232571916 46.8792483037 -26.1872348803|0.0810228871944 -0.5094478287 0.355678776513 -0.5094478287 3.24618681271 -2.26391738924 0.355678776513 -2.26391738924 1.58198831907|
|214|455.578933675|36.8533435262 38.5865190186 -6.82890513219|9.24804211804 6.90474757098 3.96947684988 6.90474757098 5.41670922831 2.99490535089 3.96947684988 2.99490535089 2.45142116106|
|215|45.5653900138|40.0441103727 48.2187501756 -34.0682331447|6.15488012691 1.21821004814 2.2116674064 1.21821004814 0.242144972001 0.437816657372 2.2116674064 0.437816657372 0.795850150128|
|216|324.363097825|48.0615073444 33.7454056669 -15.7078188971|2.12433147067 0.923241401327 4.77478392526 0.923241401327 0.468741845125 2.28030032337 4.77478392526 2.28030032337 16.4635245306|
|217|45.5655551373|41.6668220793 43.8370338556 -15.6491641106|6.56134232876 -3.0760812044 -0.0564194668387 -3.0760812044 1.44334479495 0.0264545328136 -0.0564194668387 0.0264545328136 0.00148523338575|
|218|22.7827204643|48.0417137146 56.1505088806 -9.06543254852|0.001 -3.2260150954e-14 -2.66658995824e-15 -3.2260150954e-14 0.000995953654162 -4.06575814682e-20 -2.66658995824e-15 -4.43928941696e-20 0.000995953654162|
|219|22.780497372|46.1505851746 51.4219818115 -6.44049596786|0.001 -2.48648957326e-27 -2.01948391737e-28 -2.48648957326e-27 0.001 2.71050543121e-20 -2.01948391737e-28 -3.19531821719e-20 0.001|
|220|68.3481773004|59.2913022566 62.133091554 -22.0710477076|5.62372588543 -2.95136432919 -8.32366743088 -2.95136432919 1.57372979507 4.24955847121 -8.32366743088 4.24955847121 12.9294173618|
|221|45.5585097428|51.8865653937 66.2199070947 -11.7446845514|1.20750927282 -3.27995175034 2.58204640046 -3.27995175034 8.91202291787 -7.01541569478 2.58204640046 -7.01541569478 5.52302060769|
|222|0.00222309232326|46.1505851735 51.4219818104 -6.44049596772|0.000999625760472 8.99740692501e-07 -1.88104012708e-08 8.99740692501e-07 0.000997835748837 -7.82060900984e-09 -1.88104012708e-08 -7.82060900984e-09 0.000997461836312|
|223|22.7827204642|47.8594970703 62.4512557983 -19.1056041718|0.001 3.57535447727e-14 -2.95535019654e-15 3.57535447727e-14 0.000995953654162 1.35525271561e-19 -2.95535019654e-15 7.43337172437e-20 0.000995953654162|
|224|22.7751138394|45.7550125122 51.0751304626 -7.30348157883|0.001 -5.04870979341e-28 -1.00974195868e-28 -5.04870979341e-28 0.001 2.71050543121e-20 1.00974195868e-28 -3.2246433451e-20 0.001|
|225|113.913602322|34.4853942871 41.4126541138 -8.06511220932|0.0691014913798 -0.091376835212 0.572842599381 -0.091376835212 0.184907058779 -1.03952359049 0.572842599381 -1.03952359049 6.03750791459|
|226|227.641014304|39.7191036439 67.1580038643 -23.5756555927|5.11520440907 0.54603423374 -4.29195723907 0.54603423374 0.254275428744 -0.520529957296 -4.29195723907 -0.520529957296 3.72674173885|
|227|227.900489478|38.0192113007 35.1024786945 -13.7717911476|0.964721803151 1.58830795638 1.28691420653 1.58830795638 4.24609262395 4.17543700815 1.28691420653 4.17543700815 4.4972724596|
|228|22.7827204643|49.4834480286 50.703163147 -24.723947525|0.001 2.47946311666e-13 -2.00166936571e-14 2.47946311666e-13 0.000984379707588 5.42101086243e-20 -2.00166936571e-14 1.01620216351e-19 0.000984379707588|
|229|0.00328941432449|47.9498825066 52.2510032646 -7.75517702091|0.001 4.32662134697e-19 -7.46263395211e-20 5.41082351946e-19 0.001 -1.08420217249e-19 -8.13151629364e-20 -8.13151629364e-20 0.001|
|230|22.7821457187|49.771030426 51.7252159119 -28.840341568|0.001 -1.39182580358e-13 -2.24724058584e-14 -1.39182580358e-13 0.000984379707588 -5.42101086243e-20 -2.24724058584e-14 -6.43809816209e-20 0.000984379707588|
|231|68.3184062|68.1117875915 47.8216885972 -10.5364334681|1.42117573444 -0.286397301743 4.17282736008 -0.286397301743 0.062184907866 -0.828024563034 4.17282736008 -0.828024563034 12.3148009752|
|232|45.564548194|42.9984382819 48.6806648609 -30.6734129306|0.0728863556365 -0.0362870083859 -0.033864587238 -0.0362870083859 0.0193206089647 0.0170947774385 -0.033864587238 0.0170947774385 0.0169563870848|
|233|113.9108285|51.1116553934 39.1365732186 -11.7919305637|0.104690835506 -0.0972455500234 -0.0824638308807 -0.0972455500234 0.140673709744 0.0658959954248 -0.0824638308807 0.0658959954248 0.144054662408|
|234|68.3479864725|54.996940543 48.5181572275 0.630920198875|4.34661680713 0.913489257623 -0.81727843546 0.913489257623 0.76882694967 -0.629423931416 -0.81727843546 -0.629423931416 0.518406137132|
|235|45.4969058996|36.9237451639 60.3362069888 -19.1833494436|0.0255847821533 -0.0875502172624 -0.0545001367449 -0.0875502172624 0.312655376112 0.19400992205 -0.0545001367449 0.19400992205 0.121761847857|
|236|92.352274365|40.3320786551 64.1608065341 -18.7386274594|69.4978148954 18.6316371664 7.47308967812 18.6316371664 5.05273261516 1.86301361324 7.47308967812 1.86301361324 1.17199166714|
|237|136.33663414|53.9301933038 43.9381944565 -20.8693687927|0.514096087931 -0.234969646326 -0.0613579886394 -0.234969646326 0.29320835484 -0.0358123616998 -0.0613579886394 -0.0358123616998 0.120409184578|
|238|226.482681735|43.8947582991 63.9963441997 -17.6235825717|3.82439040732 3.08985619971 4.96929791807 3.08985619971 2.66576678318 4.33868771283 4.96929791807 4.33868771283 8.21704503205|
|239|4.21488629984|47.9498825073 52.2510032654 -7.75517702103|0.001 9.7633969469e-24 -6.46234853557e-27 9.86679452347e-24 0.001 0.0 -6.46234853557e-27 -3.23334885347e-21 0.001|
|240|2.77663517016|47.9498825073 52.2510032654 -7.75517702103|0.001 1.29386718998e-22 0.0 1.29386718998e-22 0.001 0.0 -6.46234853557e-27 -2.0740545953e-20 0.001|
|241|8.87882537499|47.9498825073 52.2510032654 -7.75517702103|0.001 9.47137957245e-26 -8.07793566946e-28 9.47137957245e-26 0.001 0.0 -8.07793566946e-28 6.72574989154e-21 0.001|
|242|522.993752561|40.7428188957 51.0399571884 -1.77882860236|0.672977624279 0.824459966634 0.757099276442 0.824459966634 12.4701332965 10.6322921076 0.757099276442 10.6322921076 9.38359969299|
|243|22.7827204643|47.6817932129 54.7271156311 -12.5918502808|0.001 1.41363874216e-27 0.0 3.02922587605e-27 0.001 0.0 0.0 -1.14380341908e-20 0.001|
|244|45.5654253471|38.9803808657 50.6448225702 -27.5980765172|0.382570227533 0.89392295427 -0.491616612175 0.89392295427 2.09457951431 -1.15141587311 -0.491616612175 -1.15141587311 0.634114518444|
|245|159.48022022|48.1237692157 57.7223376361 -20.5826585088|3.38723424786 -0.368240961332 5.82285462875 -0.368240961332 0.0923425071157 -0.697003439097 5.82285462875 -0.697003439097 10.1552976138|
|246|22.7826734881|48.4650726318 55.2770118713 -6.85447740555|0.001 1.7670484277e-28 -2.01948391737e-28 1.64083068286e-28 0.001 0.0 0.0 -6.24406608274e-21 0.001|
|247|22.7827091989|54.6147842407 58.020450592 -4.21011447906|0.001 1.7670484277e-27 1.00974195868e-28 -1.47043672733e-27 0.001 0.0 2.52435489671e-28 -5.15840690455e-21 0.001|
|248|22.7814535306|46.1746253967 50.751335144 -6.3004565239|0.001 4.2914033244e-28 2.01948391737e-28 4.2914033244e-28 0.001 0.0 2.01948391737e-28 -4.00445340724e-21 0.001|
|249|22.7827204364|37.9053039551 58.9079284668 -35.4194068909|0.001 2.2214323091e-27 -4.03896783473e-28 2.2214323091e-27 0.001 0.0 -4.03896783473e-28 -2.6771855224e-20 0.001|
|250|22.7043604328|46.1298065186 56.6972541809 -22.3266925812|0.001 2.39108767655e-13 -1.93032391598e-14 2.39108767655e-13 0.000984379707588 5.42101086243e-20 -1.93032391598e-14 8.13071028964e-20 0.000984379707588|
|251|191.111166964|49.6606003922 44.1835191111 -31.1119937162|11.5512516584 16.3489870945 -5.65264503982 16.3489870945 23.6271730247 -8.57982646027 -5.65264503982 -8.57982646027 3.48805398572|
|252|113.214718091|43.9511013526 36.1415454567 -3.88842301491|2.83303103157 -0.627119307651 3.2192530652 -0.627119307651 3.1135053649 4.8506447501 3.2192530652 4.8506447501 14.0711338697|
|253|0.0366193336454|46.5333099365 47.7930145263 -9.44482517241|0.000999999993396 2.62569530473e-09 -1.09186019527e-10 2.62569530473e-09 0.000998954271331 -2.74152553957e-13 -1.09186019527e-10 -2.74152571127e-13 0.00099895426475|
|254|45.5654399175|46.77889634 54.2137641476 -3.37395391075|0.0178822130561 -0.300643687905 -0.1043794418 -0.300643687905 5.2093070295 1.80845920197 -0.1043794418 1.80845920197 0.628427404969|
|255|45.5654324838|39.8713800495 44.879544937 -24.1027717377|1.12976821623 -1.58003684122 0.0895135860501 -1.58003684122 2.21270554199 -0.125299591735 0.0895135860501 -0.125299591735 0.00809412397545|
|256|68.348073331|43.1855189636 49.0744609782 -34.2132621073|1.46109260951 -0.719571209133 0.634440376174 -0.719571209133 0.356295389809 -0.306157438306 0.634440376174 -0.306157438306 0.339747392605|
|257|8.60057184667e-06|47.7089726503 49.0570904707 -12.0581712014|0.00100437953124 -1.71659665374e-06 2.27617157268e-07 -1.71659665374e-06 0.00100076033696 5.70682889161e-07 2.27617157268e-07 5.70682889161e-07 0.0010049885253|
|258|223.413717567|32.1428478342 48.8066141879 -16.4559592138|1.08308348626 2.89389979512 1.90765595256 2.89389979512 32.31843446 11.7102591152 1.90765595256 11.7102591152 5.22473000065|
|259|182.352092573|45.2558619834 44.6306043092 -30.2346606423|4.90599931541 -7.16386259846 2.3650111529 -7.16386259846 13.4446242494 -4.47458688501 2.3650111529 -4.47458688501 1.50123427698|
|260|22.7827204643|43.440410614 56.6769828796 -26.632390976|0.001 2.01948391737e-28 4.03896783473e-28 2.01948391737e-28 0.001 0.0 4.03896783473e-28 -2.15647523848e-20 0.001|
|261|68.3371038179|54.1210732113 46.7827153618 -29.6161815013|4.17969603868 0.0721586590149 0.783678708155 0.0721586590149 0.107619189952 0.144341467668 0.783678708155 0.144341467668 0.310356601666|
|262|250.52406066|48.3088458262 40.2450328468 -3.35128930385|9.01034822575 7.01347758101 -11.7765058231 7.01347758101 5.50415262726 -9.15958078737 -11.7765058231 -9.15958078737 15.7160317472|
|263|17.2151698358|47.7089729309 49.0570907593 -12.0581712723|0.001 -2.3728936029e-27 4.03896783473e-28 -2.42338070084e-27 0.001 2.71050543121e-20 0.0 -1.32409224751e-21 0.001|
|264|68.3481286976|44.5105712134 58.3887017178 -33.7864072398|1.32220740117 3.16012345204 -0.0610617085175 3.16012345204 9.57558828053 0.400647523679 -0.0610617085175 0.400647523679 0.152070708686|
|265|237.2533479|54.9540967575 57.9954701835 -1.63409644598|2.17192208485 -1.79080206517 -1.16137571879 -1.79080206517 11.1239468393 -7.3813454686 -1.16137571879 -7.3813454686 8.11243135541|
|266|427.094132674|49.049851547 69.7519853667 -30.4673032883|3.66174382687 -2.76565063244 2.99654611722 -2.76565063244 5.4988616949 0.369445653228 2.99654611722 0.369445653228 5.29719663355|
|267|22.7827204643|48.7016677856 49.4713058472 -7.51418828964|0.001 -2.05734924082e-27 -2.01948391737e-28 -4.41762106924e-28 0.001 2.71050543121e-20 0.0 -3.42051449469e-20 0.001|
