#|num|weight|mean|covariance matrix|
|0|1.0091885084e-06|16.4089104342 53.1336016651 -6.13246940868|0.0069431759895 -0.000406215277676 -0.0100167810921 -0.000406215277676 0.00102776487102 0.000684645710185 -0.0100167810921 0.000684645710185 0.0178825399255|
|1|0.137721785116|7.81398057937 42.7838363647 -13.6888875961|0.001 2.4718482735e-17 -1.65436122511e-24 2.47184761175e-17 0.000999999998674 0.0 -8.27180612553e-25 1.54298419553e-20 0.000999999998674|
|2|92.2266538498|19.939342564 46.9135503352 -17.5488437471|1.60369470859 -0.118140521726 1.52286030489 -0.118140521726 0.137880247558 -0.0856754051977 1.52286030489 -0.0856754051977 1.46092782788|
|3|138.340366364|22.3336408707 53.3642425779 -3.91057086718|2.59397563856 0.262218974777 -0.222318385307 0.262218974777 0.0369544445547 -0.0180501805896 -0.222318385307 -0.0180501805896 0.0241274068086|
|4|46.0994617823|3.06723720076 46.325252794 -17.9393981241|0.0779666728497 -0.0320699052639 -0.0998267939607 -0.0320699052639 0.014380405166 0.0416016415946 -0.0998267939607 0.0416016415946 0.130541760968|
|5|69.1701730587|6.71016061064 33.8785820508 -10.0900732689|0.0229321573214 0.0157993645507 0.00808356686293 0.0157993645507 0.0610997438786 -0.0258590872739 0.00808356686293 -0.0258590872739 0.0245828672587|
|6|23.0567304245|7.45560407639 41.0198669434 -19.7403888702|0.001 -3.53409685539e-28 -5.04870979341e-29 -3.53409685539e-28 0.001 0.0 -5.04870979341e-29 -3.64723835913e-22 0.001|
|7|289.736378375|9.61538148247 58.698916475 -0.62883278488|0.34753912329 0.774088499176 0.541261966538 0.774088499176 3.24625678546 5.54475143035 0.541261966538 5.54475143035 16.9450556098|
|8|8.97668581982|16.4409236908 53.1314163208 -6.18642425537|0.001 3.47968894823e-14 -7.2345507565e-16 3.47968894823e-14 0.000998979135029 0.0 -7.23455075649e-16 -5.39023238513e-21 0.000998979135029|
|9|1.61777269392e-09|16.3369754963 52.8535492246 -5.73018109193|0.00399967290494 0.00801019649267 -0.0132257669408 0.00801019649267 0.0223901676901 -0.0353168953231 -0.0132257669408 -0.0353168953231 0.0593177785621|
|10|345.353409701|0.488404529987 48.00542403 0.711377253772|0.886486686405 0.0977886112287 0.5201264448 0.0977886112287 0.17318057268 0.604088914708 0.5201264448 0.604088914708 2.61707989738|
|11|23.0567304245|10.0550642014 42.0874481201 -4.13344287872|0.001 -2.25614218893e-28 0.0 -2.25614218893e-28 0.001 0.0 1.26217744835e-29 -1.24097902718e-22 0.001|
|12|23.0553133926|16.8764533997 41.6762428284 -3.15106940269|0.001 -1.96844986922e-15 -8.18512844242e-17 -1.96844986922e-15 0.000998979135029 -2.03287907341e-20 -8.18512844243e-17 -2.00526646084e-20 0.000998979135029|
|13|23.0554346738|14.0031661987 44.1758766174 -17.8451824188|0.001 8.17469032644e-15 -6.75711256507e-16 8.17469032644e-15 0.000995953654162 1.08420217249e-19 -6.75711256507e-16 1.58966818682e-19 0.000995953654162|
|14|299.443088369|-0.77727272947 33.8177041312 -30.0059686194|2.79477822576 1.95844935641 -2.51613753773 1.95844935641 2.67924291386 -3.39738618786 -2.51613753773 -3.39738618786 4.77668381825|
|15|46.1134585004|-11.8867305837 40.4853859148 -22.2566899101|0.824731209543 1.80572859205 1.40368268677 1.80572859205 3.95568658497 3.07460493748 1.40368268677 3.07460493748 2.39040138204|
|16|161.162494627|17.148721641 40.5825107856 5.65702439683|2.11869622857 -1.91221971814 0.382017669162 -1.91221971814 1.99573353686 0.0554163675902 0.382017669162 0.0554163675902 0.836681545873|
|17|46.1134608489|-1.05416157842 45.4197902679 -15.8803157806|0.0427437022695 0.0117669514959 -0.0372086600413 0.0117669514959 0.00410026753313 -0.0104607386248 -0.0372086600413 -0.0104607386248 0.0337889869762|
|18|23.0567304245|4.33779525757 36.761516571 -11.527338028|0.001 2.52435489671e-29 -1.26217744835e-29 -7.57306469012e-29 0.001 0.0 1.26217744835e-29 -6.07890334943e-23 0.001|
|19|507.867892279|-4.22686490349 60.8150401765 -32.3116395592|3.38780097901 -1.50771159757 0.027595516298 -1.50771159757 1.49644194002 -0.7849831648 0.027595516298 -0.7849831648 1.05607661347|
|20|0.52423887906|16.2232589722 53.1462936401 -5.81956672668|0.001 -1.22357828251e-12 -2.54781727373e-14 -1.2235782825e-12 0.000999744196349 6.77626357803e-20 -2.54781727374e-14 9.81855169363e-20 0.000999744196349|
|21|23.0567303963|25.4866275787 44.9380989075 -9.17791652679|0.001 -1.27479922284e-27 -1.00974195868e-28 -1.28742099732e-27 0.001 2.71050543121e-20 -1.00974195868e-28 -2.91011121443e-20 0.001|
|22|45.9684824801|14.313933329 49.8298926792 -21.1221818395|1.44578705676 -1.74226876268 -0.114858866985 -1.74226876268 2.10200156229 0.138508294436 -0.114858866985 0.138508294436 0.0101309590326|
|23|46.1121655435|-11.0427157576 32.7896053571 -21.1566128318|0.674581166009 1.16833529988 0.678516665647 1.16833529988 2.02489195534 1.17571544157 0.678516665647 1.17571544157 0.683127642562|
|24|92.2178775753|17.7870935863 57.9318850331 -0.64769588756|4.09333726741 -1.21827315057 -1.40413613379 -1.21827315057 0.400484338935 0.476155572241 -1.40413613379 0.476155572241 0.613488652545|
|25|46.1125892707|22.1035746907 55.7658233109 -15.0149252856|0.0500898906938 -0.00293704715655 0.0106972962497 -0.00293704715655 0.00117572347133 -0.000640019015908 0.0106972962497 -0.000640019015908 0.00333107357618|
|26|184.454441745|17.4373569273 67.3652310267 -9.44864733547|10.9440352803 -3.21333112923 6.52416396674 -3.21333112923 1.37279211283 -2.12859205528 6.52416396674 -2.12859205528 4.02535813678|
|27|69.1701500879|9.65016311236 40.068347809 -22.3432992826|0.117297695324 -0.0852481162666 0.515404520297 -0.0852481162666 0.0817450391208 -0.432322233314 0.515404520297 -0.432322233314 2.44797983396|
|28|92.1192765315|12.8717484528 36.2102136338 -16.9809582595|16.2127806082 8.36990970107 -2.362628994 8.36990970107 4.32798732616 -1.23174331756 -2.362628994 -1.23174331756 0.393259932457|
|29|23.0567206201|-5.71741437912 37.3562927246 -20.5155448914|0.001 1.0640766035e-14 1.71805704685e-15 1.0640766035e-14 0.000984379707588 -1.62630325873e-19 1.71805704685e-15 -1.62708698293e-19 0.000984379707588|
|30|158.747690395|23.2049458427 38.6489954215 -3.98533348701|0.172424046684 0.077669745706 -1.19484867384 0.077669745706 0.336214710772 -0.45049179308 -1.19484867384 -0.45049179308 8.44696733007|
|31|157.730572001|17.6339802991 36.7990126731 -28.2733259522|2.86531393848 2.29399560656 -1.45126220039 2.29399560656 1.85369308772 -1.36072972432 -1.45126220039 -1.36072972432 3.40859203223|
|32|23.0567304236|15.802236557 55.9416465759 -8.84900379181|0.001 2.03482160534e-14 -8.40981008946e-16 2.03482160534e-14 0.000995953654162 0.0 -8.40981008946e-16 3.16647237735e-20 0.000995953654162|
|33|0.356693887091|15.656829834 50.0499267578 -10.561214447|0.001 3.87515147053e-11 -3.20315922271e-12 3.87515147053e-11 0.0009959536538 -3.05745012641e-17 -3.20315922271e-12 -3.06007157616e-17 0.0009959536538|
|34|46.1134606576|17.3583135615 37.0900669097 -5.11830175411|0.269798029884 -0.00968314875151 -0.53006959201 -0.00968314875151 0.00112770766199 0.0190094639641 -0.53006959201 0.0190094639641 1.04538876574|
|35|46.1132955468|2.94099304913 45.576097465 -18.1838469892|0.120710787924 -0.00618899569187 -0.0370202077281 -0.00618899569187 0.00119245575056 0.00191423954022 -0.0370202077281 0.00191423954022 0.0123081214767|
|36|5.12101018015e-11|15.1970685723 48.7137712824 -9.47728499933|0.00134479422353 0.00108416145582 -0.000217999102568 0.00108416145582 0.00441721712533 -0.000687004804986 -0.000217999102568 -0.000687004804986 0.00113891247453|
|37|0.00578495698578|15.2153635024 48.7724151607 -9.4886941909|0.000999998684416 -5.74660638098e-08 -2.40211456223e-09 -5.74660638098e-08 0.000997485434695 5.48962455355e-11 -2.40211456223e-09 5.48962455308e-11 0.0009974841237|
|38|314.269661324|14.1177993185 60.4513540882 -5.28115017251|13.9744715029 15.6926445579 9.29048171519 15.6926445579 17.7700163084 10.2308586722 9.29048171519 10.2308586722 6.87318380306|
|39|138.202856202|1.60794982526 24.847368994 -14.8046713906|2.58764337348 1.97189169802 -1.00080729989 1.97189169802 1.56245904557 -0.803199066188 -1.00080729989 -0.803199066188 0.518417195484|
|40|23.0567304245|13.7136192322 49.177192688 -2.34079575539|0.001 2.4178586745e-28 -1.26217744835e-29 2.4178586745e-28 0.001 0.0 -2.52435489671e-29 -1.46181176108e-22 0.001|
|41|69.1701551907|10.7567902232 51.9886215403 -13.7331409306|2.20610387953 1.44165511747 1.54981492342 1.44165511747 0.949732519089 0.992601660187 1.54981492342 0.992601660187 1.15889186832|
|42|322.745687869|26.2412121871 54.5664799037 2.79529359756|25.4777153141 -6.64474496299 -20.6700419915 -6.64474496299 2.24635762392 5.45334509972 -20.6700419915 5.45334509972 16.897330244|
|43|17.9186388302|19.3963356018 51.5875244141 -6.10679960251|0.001 -4.79730784153e-15 -1.9947970977e-16 -4.79730784153e-15 0.000998979135029 -4.06575814682e-20 -1.9947970977e-16 -2.72420013107e-20 0.000998979135029|
|44|5.93157414611e-08|16.9955259477 51.645825626 -6.31143883425|0.00100007549993 -1.12900707715e-08 7.1773987437e-10 -1.12900707715e-08 0.0010000042239 4.77860552482e-09 7.17739874384e-10 4.77860552482e-09 0.00100007688079|
|45|170.826103309|-11.8165904159 30.2281109608 -25.4712027749|9.40869022505 -7.03999469971 6.43734430662 -7.03999469971 6.21989164634 -5.42529081179 6.43734430662 -5.42529081179 4.81524511874|
|46|0.0745143820732|15.2153635025 48.7724151611 -9.48869419097|0.000999999999956 2.11497195293e-10 -8.79439360426e-12 2.11497195293e-10 0.00099897896573 -1.82156806999e-15 -8.79439360427e-12 -1.82156121068e-15 0.000998978965686|
|47|69.1682176017|16.961131396 41.4983783363 2.5563931539|11.7300868844 5.80647309722 1.24905748065 5.80647309722 2.89057838576 0.603403383572 1.24905748065 0.603403383572 0.148809582504|
|48|9.77974977237|15.656829834 50.0499267578 -10.561214447|0.001 -1.30185591278e-14 -5.41332447746e-16 -1.30185591278e-14 0.000998979135029 -5.42101086243e-20 -5.41332447746e-16 -8.36936175411e-20 0.000998979135029|
|49|1.65313526695e-06|16.2232584697 53.1462919942 -5.81956654646|0.00100021540627 -3.18677233651e-08 1.78351940777e-09 -3.18677233652e-08 0.00100000540494 1.20178455158e-08 1.78351940778e-09 1.20178455158e-08 0.00100021946303|
|50|0.00586888901282|15.2153635024 48.7724151607 -9.4886941909|0.000999998137342 -8.34065619162e-08 -6.9522194366e-09 -8.34065619162e-08 0.000996239238057 1.541875585e-10 -6.9522194366e-09 1.54187558488e-10 0.000996237401103|
|51|157.907735432|21.4451733075 57.6635551275 -28.0083301341|3.60258039885 -3.98170863631 2.15724315614 -3.98170863631 5.24327566163 -3.41691003806 2.15724315614 -3.41691003806 2.68648891504|
|52|23.0567304245|1.54693591595 36.6316413879 -19.2724494934|0.001 -1.19906857594e-28 0.0 -9.46633086265e-29 0.001 0.0 -1.26217744835e-29 -1.43730028142e-23 0.001|
|53|138.338522898|9.89344690912 51.9800082146 -31.2959533301|2.93722026722 -0.727196622949 -1.79590145954 -0.727196622949 0.454576988669 0.827967157289 -1.79590145954 0.827967157289 1.81928996788|
|54|92.1212819906|5.81786268844 57.9441651675 -3.63383736188|0.314898724111 0.271402622323 0.938541954964 0.271402622323 0.375447708487 1.62159454683 0.938541954964 1.62159454683 7.50239365833|
|55|23.0567304245|14.173614502 52.9871673584 -10.7247772217|0.001 -9.34011311782e-28 -5.04870979341e-29 -9.21389537298e-28 0.001 0.0 0.0 -8.92459222268e-22 0.001|
|56|46.1064342289|18.4000874612 58.4973930336 3.27194011518|0.257445343357 -0.640482004841 0.270937035312 -0.640482004841 1.59806542673 -0.675713358312 0.270937035312 -0.675713358312 0.2864842215|
|57|459.963400589|28.6460401967 42.2262914346 -14.0677932381|7.87626840623 9.10491305215 5.99462306216 9.10491305215 12.4349279651 7.21240365818 5.99462306216 7.21240365818 4.75728075913|
|58|184.331127093|-4.37621151495 50.7790624932 -19.3861747792|5.15478645218 0.273329198995 3.33859770052 0.273329198995 0.0505774425339 0.193783824799 3.33859770052 0.193783824799 2.33520113911|
|59|283.677621591|22.3220560895 49.4893652234 -27.9978990148|18.2858448405 -0.802108971944 -0.0960820909443 -0.802108971944 0.527829042704 0.304854144316 -0.0960820909443 0.304854144316 0.301554633513|
|60|184.457611754|5.71006955654 36.1873404295 -13.2990353373|1.75936995756 -0.693092507655 -1.20952839373 -0.693092507655 1.85262974976 0.73014742824 -1.20952839373 0.73014742824 0.886276904159|
|61|161.302671675|-1.11163887084 42.5640733373 -7.50796353044|1.09648286235 1.43054569383 2.30243275 1.43054569383 1.96554443622 3.23385573528 2.30243275 3.23385573528 5.82489509654|
|62|129.559336256|-10.3000487062 35.9469589951 -17.3732270104|2.37896143704 -0.143390864495 -0.0649737151137 -0.143390864495 0.84739449757 -1.62565627428 -0.0649737151137 -1.62565627428 3.59520892172|
|63|23.0567304245|6.84931230545 38.7926750183 -9.89308357239|0.001 2.01948391737e-28 0.0 0.0 0.001 0.0 0.0 -1.22142010006e-22 0.001|
|64|264.120762696|20.5992812931 30.3001213227 -15.4526202977|12.4943235802 -2.90409015926 7.12963322769 -2.90409015926 2.37824907167 -2.33524415461 7.12963322769 -2.33524415461 4.41899428922|
|65|223.226749975|-9.09190130654 36.5771039245 -19.1601855858|20.3770410996 -11.5488142359 13.6862521687 -11.5488142359 6.63941195921 -7.61957678544 13.6862521687 -7.61957678544 9.45024302122|
|66|91.0785414072|-5.36253800516 48.5186926945 -24.5585658635|9.44241369511 2.84506926253 15.2802274376 2.84506926253 0.86491623954 4.60226318527 15.2802274376 4.60226318527 24.7340329701|
|67|1.19985594687e-05|16.9955405464 51.6458699884 -6.3114442556|0.000998892836658 1.75627695922e-07 -1.0132384174e-08 1.75627695922e-07 0.00099996837489 -6.3663019122e-08 -1.0132384174e-08 -6.3663019122e-08 0.000998868557239|
|68|0.0368710851382|16.2232589721 53.1462936401 -5.81956672668|0.000999999999999 9.91258996535e-13 -1.32348898008e-23 9.91258996535e-13 0.00099999842499 0.0 0.0 9.45299419086e-22 0.000999998424989|
|69|287.400955159|13.1543758699 43.3463811742 -37.5685230934|6.65313375693 0.72248202584 2.83295050307 0.72248202584 7.81973191459 4.18662094308 2.83295050307 4.18662094308 3.30465450424|
|70|232.008001396|8.86529005624 44.0909821504 2.22896198209|11.6998275992 4.95013478321 13.5550425504 4.95013478321 2.1672120696 5.8349471033 13.5550425504 5.8349471033 16.2364639185|
|71|388.177634957|23.8838029369 60.8479450213 -22.29215182|11.9367345147 -5.76894486463 -5.92621225703 -5.76894486463 4.29520575539 3.81032721384 -5.92621225703 3.81032721384 3.68984995924|
|72|7.31399328585e-05|16.2232589608 53.1462936029 -5.81956672261|0.001 4.224963531e-16 -4.62628767808e-17 4.224963531e-16 0.001 -1.51544358659e-16 -4.62615514472e-17 -1.51559605252e-16 0.001|
|73|158.006415795|10.9896713766 39.0727145127 -3.30172432106|3.49763055909 6.29458635907 4.10278771482 6.29458635907 12.7851901009 8.9448338886 4.10278771482 8.9448338886 6.50996487013|
|74|23.0567203311|-9.06577587128 24.0735301971 -24.7713394165|0.001 5.56270277929e-14 1.65047954952e-14 5.56270277929e-14 0.000945056912532 -2.16840434497e-19 1.65047954952e-14 -2.16768067763e-19 0.000945056912532|
|75|92.1167716394|25.4024235145 45.1675584696 -16.3741746774|0.716091958468 0.00400482348643 -1.36317100751 0.00400482348643 0.0831350863851 -0.060765339172 -1.36317100751 -0.060765339172 2.63422693292|
|76|296.136711983|16.8286334604 38.1073051029 -27.5114221957|11.6699890714 -2.16665876486 17.9949285423 -2.16665876486 0.778804781711 -3.52680698973 17.9949285423 -3.52680698973 29.6559197954|
|77|1.78656538748e-05|16.2232589257 53.1462934878 -5.81956671001|0.000999095246043 1.33873190143e-07 -6.93656542907e-09 1.33873190143e-07 0.000999977715587 -4.67538050447e-08 -6.93656542907e-09 -4.67538050447e-08 0.00099907780665|
|78|23.0567304245|16.8588542938 53.2111167908 -18.4047470093|0.001 7.57306469012e-29 -2.01948391737e-28 7.57306469012e-29 0.001 0.0 -2.01948391737e-28 -1.71704003551e-21 0.001|
|79|46.0999623294|16.1927613678 52.5641957228 -6.31347225024|0.00154754112396 -0.000937006534392 -0.000207199942123 -0.000937006534392 0.00258909648768 0.000352044073102 -0.000207199942123 0.000352044073102 0.0010738823602|
|80|23.0567304238|0.809348225594 39.7870788574 -16.0315151215|0.001 3.22520901148e-15 -2.60370966315e-16 3.22520901148e-15 0.000984379707588 2.71050543121e-20 -2.60370966315e-16 5.41772768589e-20 0.000984379707588|
|81|0.000382470107519|16.22325897 53.146293633 -5.81956672591|0.00100008656077 -1.27775618083e-08 7.0395714314e-10 -1.27775618084e-08 0.00100000215381 4.75448104129e-09 7.03957143141e-10 4.75448104127e-09 0.0010000881907|
|82|0.13571412844|16.2232589722 53.1462936401 -5.81956672668|0.001 3.98123664778e-16 8.27180612553e-25 3.98123678013e-16 0.000999999991426 -1.35525271561e-20 2.48154183766e-24 -1.71610087733e-20 0.000999999991426|
|83|23.0567277047|14.0524845123 59.8704948425 2.04292082787|0.001 1.27411589017e-15 1.32652504522e-17 1.27411589017e-15 0.00099974419644 -3.38813178902e-21 1.32652504522e-17 2.03322852179e-21 0.00099974419644|
|84|232.052483494|-6.77296247886 36.2662955728 -32.3683138204|0.393650249027 1.64153651734 0.0615810717513 1.64153651734 14.5901096334 -0.411586573657 0.0615810717513 -0.411586573657 0.525642349727|
|85|23.0567264777|2.45808601379 35.5402946472 -20.0806560516|0.001 8.88391649606e-15 -7.17198145767e-16 8.88391649606e-15 0.000984379707588 5.42101086243e-20 -7.17198145767e-16 5.38928296288e-20 0.000984379707588|
|86|381.933152628|11.2143535206 29.1798742322 -20.9981835008|7.2656748428 -6.22646281846 5.73679304055 -6.22646281846 8.11485505004 -7.91044707389 5.73679304055 -7.91044707389 8.00469969424|
|87|23.0567304245|14.3412694931 47.8669166565 -12.0593109131|0.001 -8.26975050907e-15 -6.83568830664e-16 -8.26975050907e-15 0.000995953654162 -8.13151629364e-20 -6.83568830664e-16 -5.43449498023e-20 0.000995953654162|
|88|269.034680467|18.5724540676 41.5113449602 0.546388811552|41.7511834766 30.6179308313 13.0584626106 30.6179308313 22.5513387726 9.64267629392 13.0584626106 9.64267629392 4.28120139397|
|89|700.230280172|7.21029643339 66.3280680987 -13.1530777919|0.437397956325 -0.365030219327 -1.81610976736 -0.365030219327 2.37429728904 -2.11339587733 -1.81610976736 -2.11339587733 31.5727391819|
|90|317.298512987|-5.70674689418 46.5726791784 -27.0089783672|27.8517517485 2.21570662931 -17.5999361999 2.21570662931 0.481054822141 -1.29606522623 -17.5999361999 -1.29606522623 11.2835380953|
|91|23.0566969613|9.11403274536 54.5653800964 -13.8281154633|0.001 5.72756794518e-15 -4.73434708645e-16 5.72756794518e-15 0.000995953654162 8.13151629364e-20 -4.73434708645e-16 7.99605243018e-20 0.000995953654162|
|92|181.497607454|-7.60797859899 27.5741644256 -29.7348097554|8.70695230587 5.51985242946 -3.85099842382 5.51985242946 6.84904572416 -4.48859373041 -3.85099842382 -4.48859373041 4.02011247551|
|93|114.747418602|1.87721314661 45.5063518343 -9.30789968577|6.07637842134 4.82173513601 -0.143487676204 4.82173513601 3.85250082488 -0.176069685726 -0.143487676204 -0.176069685726 0.174694377544|
|94|69.0223810769|22.2018009537 55.1362599023 -18.9089755374|1.71300608059 1.26235581477 -0.168783959031 1.26235581477 0.938613030886 -0.114532256297 -0.168783959031 -0.114532256297 0.0320966795366|
|95|23.0537275126|-2.8202381134 36.665927887 -17.5356235504|0.001 1.40820933047e-15 1.16401093879e-16 1.40820933047e-15 0.000995953654162 -1.62630325873e-19 1.16401093879e-16 -1.08467152735e-19 0.000995953654162|
|96|170.764785903|-7.09673273178 27.7510408029 -19.380649638|13.1095039311 -6.66006830757 -18.6156500464 -6.66006830757 3.51457589963 9.24448251437 -18.6156500464 9.24448251437 27.1281693507|
|97|5.69973408168|16.4409236908 53.1314163208 -6.18642425537|0.001 1.0319707326e-14 -2.14883910217e-16 1.0319707326e-14 0.00099974419644 4.06575814682e-20 -2.14883910216e-16 4.56399606424e-20 0.00099974419644|
|98|168.705723299|-0.612373806026 58.2715801574 -31.3594597607|4.23813142594 -3.08494412215 2.57300062093 -3.08494412215 10.1120260183 6.34248542958 2.57300062093 6.34248542958 10.1738375531|
|99|0.022447882871|16.2232589721 53.14629364 -5.81956672667|0.000999999992875 2.73014168478e-09 -1.13529777451e-10 2.73014168478e-09 0.000998952087341 -2.95780720337e-13 -1.13529777451e-10 -2.9578069547e-13 0.000998952080241|
|100|23.0567304245|8.35049438477 37.2347450256 -11.2946901321|0.001 -1.57772181044e-28 0.0 -1.57772181044e-28 0.001 0.0 2.52435489671e-29 -2.00345626723e-22 0.001|
|101|399.297695786|7.80348647145 41.3932657676 6.63042084692|24.8918341327 -18.5571082362 5.63537743562 -18.5571082362 15.3838450002 -3.84701110529 5.63537743562 -3.84701110529 3.95714718409|
|102|69.1701823293|25.6486726851 56.9940541915 0.130377863336|1.16209686285 -0.128436387894 -0.472438273034 -0.128436387894 0.0398662478664 -0.146067361046 -0.472438273034 -0.146067361046 1.78832333371|
|103|23.056646797|18.0375747681 60.0380783081 -16.9739398956|0.001 9.99114615223e-14 -8.06584741948e-15 9.99114615223e-14 0.000984379707588 0.0 -8.06584741948e-15 1.79259044907e-21 0.000984379707588|
|104|12.1343982789|15.4798927307 48.3075180054 -5.99907636642|0.001 6.16384933937e-14 -2.5474863363e-15 6.16384933936e-14 0.000995953654162 0.0 -2.5474863363e-15 -4.13884595688e-22 0.000995953654162|
|105|460.801826809|2.54130613975 62.9679729031 -18.3029860843|5.0641367194 0.689635488232 7.9922479449 0.689635488232 1.17701918988 -0.679760718211 7.9922479449 -0.679760718211 20.4606737961|
|106|23.054884318|16.9752731323 41.5362434387 -3.49071359634|0.001 -5.34690976861e-16 -1.11336963574e-17 -5.34690976861e-16 0.00099974419644 -1.35525271561e-20 -1.11336963574e-17 -4.08663473088e-20 0.00099974419644|
|107|5.3449311697|16.2232589722 53.1462936401 -5.81956672668|0.001 1.13747431646e-25 0.0 1.26672128717e-25 0.001 -1.35525271561e-20 -8.07793566946e-28 -1.22920291191e-20 0.001|
|108|0.00578377990683|16.9955406187 51.6458702083 -6.31144428248|0.000999997685712 -8.69022901355e-08 -3.6380631265e-09 -8.69022901355e-08 0.00099673106632 9.67154551704e-11 -3.6380631265e-09 9.67154551481e-11 0.00099672876013|
|109|147.755710272|9.33236593707 36.8927817873 -27.4048732193|5.15004338201 -7.05084949944 10.6844671813 -7.05084949944 10.2221480086 -15.1887473353 10.6844671813 -15.1887473353 22.8095676129|
|110|69.1701907631|16.180138906 55.8871739726 -9.06334813462|0.00121105187337 0.00344872228165 -0.000447923234794 0.00344872228165 0.0644151207282 -0.0131286189617 -0.000447923234794 -0.0131286189617 0.00673021558261|
|111|0.003278322685|15.6568298337 50.049926757 -10.5612144469|0.000999980615301 -4.25501554053e-07 -5.38716217444e-08 -4.25501554053e-07 0.000990510058841 2.41552577718e-09 -5.38716217444e-08 2.41552577721e-09 0.000990491285788|
|112|23.0567304186|-3.71602249146 34.4111061096 -17.9193019867|0.001 -1.37181398124e-14 1.1074647585e-15 -1.37181398124e-14 0.000984379707588 5.42101086243e-20 1.1074647585e-15 5.34949963509e-20 0.000984379707588|
|113|129.131570789|15.066299829 35.6954431023 -25.6807041039|2.89064107204 0.516216537265 -2.03744285519 0.516216537265 8.72983685298 -4.61306493728 -2.03744285519 -4.61306493728 3.52947872401|
|114|361.776369047|21.7957522883 31.5299667948 -18.4363036198|26.8432625531 25.5536658978 9.53071465354 25.5536658978 25.2910205016 9.22005260177 9.53071465354 9.22005260177 3.90049616113|
|115|0.000995623894776|16.2232589713 53.1462936374 -5.81956672639|0.00100016747097 -2.6398302715e-08 1.48971313573e-09 -2.6398302715e-08 0.00100000470603 9.42074668663e-09 1.48971313575e-09 9.42074668663e-09 0.00100017111373|
|116|92.6214541444|-2.74545776422 39.000131946 -19.9016323478|0.327307149062 0.265260472296 0.116470315548 0.265260472296 6.85034424452 -7.38296381473 0.116470315548 -7.38296381473 8.63385511715|
|117|23.0567304079|17.1492996216 42.4019355774 -2.50983262062|0.001 3.26588414761e-28 0.0 3.27377275667e-28 0.001 0.0 0.0 -2.12304912072e-22 0.001|
|118|92.0908131055|21.7070658092 52.6807084105 -13.9532416468|0.142423793463 0.402289862352 -0.85182499392 0.402289862352 1.93649375519 -4.1794000176 -0.85182499392 -4.1794000176 9.08400160951|
|119|0.000252981612838|19.3963355979 51.5875244036 -6.10679960127|0.001 4.09799523187e-17 -4.84626840472e-18 4.09799523187e-17 0.001 -1.28749007983e-17 -4.84502845829e-18 -1.29020058526e-17 0.001|
|120|23.0567304215|21.0601959229 54.2132644653 -2.07644915581|0.001 3.39210189245e-29 5.04870979341e-29 3.39210189245e-29 0.001 0.0 5.04870979341e-29 -3.55000076282e-22 0.001|
|121|140.117004929|-6.93902766015 35.7227368594 -15.4211219755|7.18788989177 -6.91211545809 22.1430245139 -6.91211545809 6.6574663118 -21.322598181 22.1430245139 -21.322598181 68.319041913|
|122|4.12835111299e-07|16.4180625279 53.1329721461 -6.14789615226|0.00545308502287 -0.000304367074091 -0.00750534040044 -0.000304367074091 0.00102080345268 0.00051298786876 -0.00750534040044 0.00051298786876 0.01364968766|
|123|0.00140953812694|16.2232589716 53.1462936382 -5.81956672647|0.00100022705691 -3.5254710519e-08 2.00424767546e-09 -3.5254710519e-08 0.00100000622311 1.28667120652e-08 2.00424767546e-09 1.28667120652e-08 0.00100023181705|
|124|23.0564657848|2.99846315384 48.1664810181 -12.2873916626|0.001 -1.96023715771e-15 -1.62031130231e-16 -1.96023715771e-15 0.000995953654162 -8.13151629364e-20 -1.62031130231e-16 -5.42176848858e-20 0.000995953654162|
|125|23.0567304245|15.8550577164 56.5276908875 -4.5543422699|0.001 9.40322199023e-28 5.04870979341e-29 5.3642541555e-28 0.001 0.0 5.04870979341e-29 -4.46228970982e-22 0.001|
|126|251.944533005|12.7692533534 61.1095709677 -11.851429582|10.8223308182 -2.66795957944 5.98663745887 -2.66795957944 0.772243537582 -1.2782943638 5.98663745887 -1.2782943638 4.17908109211|
|127|142.743927022|28.1262748222 55.5736360329 -2.32831823106|1.69361835822 0.892193463905 0.0215020473915 0.892193463905 10.2527355046 -1.42367259708 0.0215020473915 -1.42367259708 0.24565531395|
|128|273.426733908|4.55794617309 52.7387271153 5.49775701734|33.3635115413 12.6002441006 -4.50168183669 12.6002441006 6.58875944305 -3.28532964856 -4.50168183669 -3.28532964856 2.11607196346|
|129|23.0567304245|-11.4891147614 34.9293441772 -23.7354164124|0.001 3.02922587605e-28 2.52435489671e-28 3.02922587605e-28 0.001 0.0 2.01948391737e-28 -9.61863614728e-22 0.001|
|130|86.4257573399|19.0349649957 45.3133476867 -22.1774251573|0.837414804018 1.69095213929 -1.26120333299 1.69095213929 3.76983721967 -2.71951044079 -1.26120333299 -2.71951044079 1.9856984965|
|131|103.215261007|-9.0818020373 41.3991427364 -11.0331186729|5.30644202689 4.62937950016 -0.672184830083 4.62937950016 5.69014522995 -3.00450462924 -0.672184830083 -3.00450462924 3.69719821018|
|132|0.00299888346596|16.2232589719 53.1462936392 -5.81956672659|0.000998812211751 -9.04486663901e-06 4.35199796544e-07 -9.04486663901e-06 0.000930962214704 -5.70192183512e-08 4.35199796544e-07 -5.70192183513e-08 0.00092977991349|
|133|115.283652123|6.7173532486 42.4061843872 -7.4388917923|0.163892283958 -0.183968994719 0.162731394646 -0.183968994719 0.361552262133 -0.377236795298 0.162731394646 -0.377236795298 0.411600471673|
|134|46.1134010247|15.9234531524 55.9419443931 -14.768840933|0.164661158271 0.16108361395 -0.0728255169995 0.16108361395 0.159477616649 -0.071661001576 -0.0728255169995 -0.071661001576 0.0333560221139|
|135|0.326169212931|16.2232589722 53.1462936401 -5.81956672668|0.001 2.07676106953e-18 -3.10192729707e-25 2.07675776081e-18 0.000999999999742 1.35525271561e-20 -2.06795153138e-25 9.52019761583e-21 0.000999999999742|
|136|22.9361609091|12.5544404984 42.9731674194 -6.88288640976|0.001 -1.58366916279e-15 -6.58514890851e-17 -1.58366916279e-15 0.000998979135029 -4.06575814682e-20 -6.58514890852e-17 -5.43807056512e-20 0.000998979135029|
|137|115.15327715|19.7977746529 56.8193510106 -16.5860205751|0.225478737071 -1.16695495194 -1.03611978758 -1.16695495194 7.17213653628 6.17354480934 -1.03611978758 6.17354480934 5.36840004207|
|138|19.0723400491|16.9955406189 51.6458702087 -6.31144428253|0.001 5.11181866583e-28 1.00974195868e-28 -3.02922587605e-28 0.001 -1.35525271561e-20 5.04870979341e-29 1.20963084069e-20 0.001|
|139|91.9352658459|-10.9670747474 42.2069181953 -16.7826565457|0.371045973345 2.28139299543 0.654789720183 2.28139299543 14.6083192301 2.75302868604 0.654789720183 2.75302868604 4.19992366838|
|140|46.0974500647|10.6386157553 36.1762487315 -19.6261948337|13.8392120369 1.49441172929 4.71597690082 1.49441172929 0.162335348457 0.509283260228 4.71597690082 0.509283260228 1.60812363717|
|141|270.600638208|9.28867505581 32.2189959583 -10.994340722|31.813686669 4.47897865991 1.26820314875 4.47897865991 0.898204216961 0.205780324272 1.26820314875 0.205780324272 0.138491151046|
|142|23.0522641842|10.6328458786 56.2738838196 -6.81037521362|0.001 1.67238511907e-28 -7.57306469012e-29 1.64083068286e-28 0.001 0.0 -2.52435489671e-29 -2.93124213329e-22 0.001|
|143|92.2678426001|19.0809991575 41.0069519756 -6.6014444742|1.77212535234 -0.401770155561 -3.50239578739 -0.401770155561 0.129811406202 0.763342339297 -3.50239578739 0.763342339297 8.05019970143|
|144|23.04360173|-7.32412672043 37.5957298279 -17.1274642944|0.001 2.52435489671e-29 0.0 2.52435489671e-29 0.001 0.0 -7.57306469012e-29 -2.29917825442e-22 0.001|
|145|69.1697456804|17.9513060564 53.2292498174 -13.706139892|0.784376681435 1.28546156695 -0.412869179943 1.28546156695 2.12124085218 -0.68885021374 -0.412869179943 -0.68885021374 0.230448120824|
|146|140.903166048|-4.08085563518 28.2869999139 -18.1334447475|4.61566395935 -6.77721137331 2.70901230353 -6.77721137331 10.6966852055 -4.03733514544 2.70901230353 -4.03733514544 1.66692684293|
|147|20.2438609535|16.9956531525 52.3466300964 -5.77812767029|0.001 -9.93964740578e-28 -7.57306469012e-29 -1.89326617253e-28 0.001 1.35525271561e-20 -5.04870979341e-29 -1.45429520876e-20 0.001|
|148|125.387034191|-11.2666939013 47.714736437 -29.6168475933|38.1589693681 -7.67433049035 -8.83545303346 -7.67433049035 1.65723439509 2.07594901437 -8.83545303346 2.07594901437 4.34814202614|
|149|23.0567304245|2.3101875782 36.8248519897 -19.3624801636|0.001 8.14359012139e-15 -6.57431633619e-16 8.14359012139e-15 0.000984379707588 5.42101086243e-20 -6.5743163362e-16 5.39435061351e-20 0.000984379707588|
|150|122.753798935|11.7272962352 56.5205280362 -5.83368814809|1.30208390458 0.988320867225 2.39016418502 0.988320867225 0.953165993636 2.04879694416 2.39016418502 2.04879694416 4.66518434511|
|151|23.0567304245|-0.924878180027 34.0297164917 -21.6137580872|0.001 -2.20881053462e-29 1.26217744835e-29 -1.89326617253e-29 0.001 5.42101086243e-20 1.26217744835e-29 -5.42157320925e-20 0.001|
|152|139.282295006|19.4784911314 60.924360537 -12.8900711948|14.3913057777 -0.885475192135 -6.39377658138 -0.885475192135 0.0849757328622 0.392370084747 -6.39377658138 0.392370084747 2.91452270461|
|153|19.0259146373|19.435464859 48.0039672852 -10.5861501694|0.001 -1.9185097215e-27 0.0 -1.89326617253e-27 0.001 0.0 0.0 -3.01489220442e-21 0.001|
|154|367.844282711|-9.98852351054 46.8244130362 -27.2159749905|21.1577767247 13.3944300796 5.99660586009 13.3944300796 8.79908166858 4.25011029586 5.99660586009 4.25011029586 5.20537359486|
|155|279.552651604|10.361928175 41.6147160353 10.3183571982|2.75507857379 -2.59568746885 -5.53246664813 -2.59568746885 7.21994513599 9.48788014792 -5.53246664813 9.48788014792 15.5642359591|
|156|23.0567303957|9.51369762421 60.3847618103 -6.1982755661|0.001 -5.0013781391e-28 -3.78653234506e-29 -9.6241030437e-29 0.001 1.35525271561e-20 -2.52435489671e-29 -1.3800133389e-20 0.001|
|157|0.000912096918696|16.2232589713 53.1462936372 -5.81956672636|0.000999895077796 1.58028403927e-08 -8.49882576389e-10 1.58028403927e-08 0.000999997310379 -5.62648114101e-09 -8.49882576387e-10 -5.62648114102e-09 0.000999892993364|
|158|2.49590493155e-05|16.4409236571 53.1314162118 -6.18642424268|0.00100009577119 -1.43380374622e-08 8.38536926245e-10 -1.43380374622e-08 0.00100000248037 5.58193088126e-09 8.38536926236e-10 5.58193088127e-09 0.00100009759864|
|159|23.0567269866|4.95229434967 43.7065048218 -20.111410141|0.001 1.26217744835e-29 0.0 1.26217744835e-29 0.001 0.0 0.0 -1.53867829918e-22 0.001|
|160|23.0567113089|-4.88453245163 49.6574745178 -21.5112018585|0.001 1.26217744835e-29 2.52435489671e-29 1.26217744835e-29 0.001 5.42101086243e-20 -2.52435489671e-29 -5.44162556985e-20 0.001|
|161|92.2267099612|15.2590114273 53.6764826243 -21.8228934189|5.13967373265 3.18627398169 -0.164979753479 3.18627398169 1.99372219497 -0.0944904284278 -0.164979753479 -0.0944904284278 0.00992497413269|
|162|184.511877841|15.8772905021 47.7500717978 -21.290896224|1.16645913157 -1.2292817866 2.00795711933 -1.2292817866 1.68802944686 -2.70358917715 2.00795711933 -2.70358917715 4.73788033187|
|163|235.015125243|-15.5667297701 37.3063490628 -20.2727279192|4.17840322674 0.270223130043 0.760224080396 0.270223130043 0.236653119239 -0.984450228548 0.760224080396 -0.984450228548 6.98198654056|
|164|5.70688326587|3.65891575813 39.4051017761 -19.0575866699|0.001 1.00974195868e-27 4.03896783473e-28 1.00974195868e-27 0.001 -5.42101086243e-20 4.03896783473e-28 3.2706856405e-20 0.001|
|165|23.0566995727|9.8750705719 39.3403015137 -5.83222579956|0.001 -1.27023007353e-15 -5.28181919483e-17 -1.27023007353e-15 0.000998979135029 -5.42101086243e-20 -5.28181919483e-17 -5.42679692365e-20 0.000998979135029|
|166|160.470666438|-3.15299071033 57.3195421738 -23.6180565696|3.73870146323 -2.89826118819 -1.87745209516 -2.89826118819 5.23665111553 -1.35201055251 -1.87745209516 -1.35201055251 3.93454468025|
|167|2.1322997076|15.6621494293 50.4073219299 -11.4395771027|0.001 -1.10196097557e-12 -9.10869287634e-14 -1.10196097557e-12 0.000995953654161 -8.13151629364e-20 -9.10869287635e-14 -5.6647507138e-20 0.000995953654161|
|168|98.6837748155|0.231253618025 53.9553846365 -7.90104746882|6.37668680328 -4.52584330758 9.60066221654 -4.52584330758 3.62230817281 -6.97178178207 9.60066221654 -6.97178178207 14.568321746|
|169|92.2242997756|15.5710002225 61.6565275428 -15.8453640471|0.210533119508 -0.750858673377 -0.665996761198 -0.750858673377 2.71455162186 2.42107206326 -0.665996761198 2.42107206326 2.1986468983|
|170|69.1241116874|-11.1340412968 29.9668710511 -28.0870053812|7.10355755639 3.14432895637 -4.22808285107 3.14432895637 1.39301826927 -1.87100043486 -4.22808285107 -1.87100043486 2.56961247916|
|171|309.196351477|24.0060136597 36.5662668824 -8.78073012482|0.0422020705889 -0.0769777555196 0.495085484923 -0.0769777555196 2.50887359539 1.20961508797 0.495085484923 1.20961508797 42.3913312261|
|172|115.120692174|22.2648512056 42.1771638185 -25.668191605|8.29239170008 -5.05211717872 7.92392052808 -5.05211717872 3.27709159615 -4.77713903851 7.92392052808 -4.77713903851 7.7351010272|
|173|93.7938495404|17.8070514479 54.4581017315 2.5561340069|0.992334394193 3.37943394632 -0.663780207123 3.37943394632 11.803740447 -1.48401483876 -0.663780207123 -1.48401483876 2.619273794|
|174|2.10544903653e-05|16.2232589327 53.1462935109 -5.81956671253|0.00099962642095 5.52695951313e-08 -2.94045920199e-09 5.52695951314e-08 0.00099999074553 -1.9819097286e-08 -2.94045920199e-09 -1.98190972859e-08 0.000999619275298|
|175|20.4812923325|16.3084945679 52.7777900696 -5.60248661041|0.001 -9.84498409716e-28 -7.57306469012e-29 -1.7670484277e-28 0.001 1.35525271561e-20 -5.04870979341e-29 -1.45429520876e-20 0.001|
|176|46.0946220993|5.54322617594 32.7222825854 -19.1727928839|1.27727919677 1.06072772417 -1.78787848628 1.06072772417 0.882525383988 -1.48588356157 -1.78787848628 -1.48588356157 2.50541516661|
|177|113.722224634|13.6716362834 50.6661441418 -0.350813800531|1.47257912779 -1.40850577175 1.31157589879 -1.40850577175 1.39246868845 -1.29621695336 1.31157589879 -1.29621695336 1.28380745642|
|178|46.1133960768|15.741154541 56.1230321184 -17.4073465974|0.0385328036249 0.100371519395 -0.12774157738 0.100371519395 0.268253920936 -0.340268659812 -0.12774157738 -0.340268659812 0.433915960882|
|179|316.410956951|27.6192600244 40.9006858851 -30.8035915326|0.560289336202 1.91352419745 -0.138802873271 1.91352419745 19.399669637 -3.75410744891 -0.138802873271 -3.75410744891 0.957704483993|
|180|69.170159891|-11.2962104626 32.1707813732 -27.4391276126|1.66825617511 0.977309494337 -0.19106896386 0.977309494337 0.581047561945 -0.121459077865 -0.19106896386 -0.121459077865 0.035374530463|
|181|161.397361859|10.4594854438 45.1832680562 -12.9978439125|2.05758609486 0.351676517495 -0.112753127917 0.351676517495 0.0731155746421 -0.0069233164042 -0.112753127917 -0.0069233164042 0.0514093214244|
|182|92.3350641572|-1.02652010895 35.8708048675 -26.9370464676|11.1172678513 1.88981452775 0.578832103608 1.88981452775 0.816368394393 0.011127390155 0.578832103608 0.011127390155 0.0627922310225|
|183|46.1127447891|-3.00080380181 32.9786781343 -18.2091834103|0.954884805135 -0.69559821369 0.0777599067344 -0.69559821369 0.50824874985 -0.0567045957047 0.0777599067344 -0.0567045957047 0.00733892380705|
|184|0.226469035429|15.656829834 50.0499267578 -10.561214447|0.000999999999998 -9.6065878735e-11 -7.94070396827e-12 -9.6065878735e-11 0.000995953651938 1.88434337578e-16 -7.94070396827e-12 1.88419694697e-16 0.000995953651936|
|185|181.135964213|1.34295645218 50.3627344327 -20.2961005058|0.608310903422 -1.39375648702 0.738788230839 -1.39375648702 5.02789064928 -3.45172664824 0.738788230839 -3.45172664824 2.64253306052|
|186|23.0564818064|14.0737533569 46.0150527954 -12.6657943726|0.001 2.39813715187e-28 1.00974195868e-28 -1.51461293802e-28 0.001 -5.42101086243e-20 1.00974195868e-28 5.33909107305e-20 0.001|
|187|69.0994529056|27.2052579646 40.3657421619 -26.0655090181|0.737334835233 1.01440943746 -0.655014663679 1.01440943746 3.2726978398 -2.45724958819 -0.655014663679 -2.45724958819 1.87362472495|
|188|23.0565627162|14.2175655365 59.5731048584 0.829219162464|0.001 -9.95473029813e-18 2.59235694458e-20 -9.95473029813e-18 0.000999996000048 5.08219768353e-21 2.59235694552e-20 6.86013615636e-21 0.000999996000048|
|189|152.42889653|7.17736867461 48.1655474454 -21.4571441219|7.26425151723 0.176706160397 -1.7732875547 0.176706160397 2.0492888076 0.361247903538 -1.7732875547 0.361247903538 0.519104511411|
|190|91.1795931331|-13.3549980483 22.8232191042 -23.8730826877|0.554930874818 0.591761689824 1.40566689732 0.591761689824 0.674535495164 1.55107790624 1.40566689732 1.55107790624 5.3327703197|
|191|68.8627098337|22.5734298482 59.1504836028 -18.08910983|0.487952727694 -0.145325825113 -0.441347159229 -0.145325825113 4.82079784027 2.27344693871 -0.441347159229 2.27344693871 1.36135709091|
|192|0.00100200741755|16.2232589713 53.1462936374 -5.81956672639|0.001 2.27682456222e-18 -2.47333620598e-19 2.2226144536e-18 0.001 -7.86046575052e-19 -2.47333620598e-19 -7.80964377368e-19 0.001|
|193|68.8797366906|1.13457021346 56.6938526402 -4.92082530896|0.0865496183384 -0.134343001712 -0.0314416309158 -0.134343001712 0.537850957952 0.263161040038 -0.0314416309158 0.263161040038 0.152803507003|
|194|0.00181078931608|15.2153635021 48.7724151598 -9.48869419071|0.001 5.94323525544e-19 -1.18637003927e-19 5.94323525544e-19 0.001 -4.06575814682e-19 -1.15196480827e-19 -4.26904605416e-19 0.001|
|195|0.903322041342|16.3084945679 52.7777900696 -5.60248661041|0.001 -1.64420214988e-12 -6.83685472152e-14 -1.64420214989e-12 0.000998979135019 6.77626357803e-20 -6.8368547215e-14 6.59667180401e-20 0.000998979135019|
|196|23.0567061773|8.10220527649 46.1932792664 -21.5380954742|0.001 7.06819371078e-28 -4.03896783473e-28 6.56332273144e-28 0.001 1.08420217249e-19 -6.0584517521e-28 4.90612733113e-20 0.001|
|197|392.50683618|21.7498183821 43.0687517881 3.38269888954|13.4038822422 -4.11245937716 -9.27631889011 -4.11245937716 3.01814538167 3.66563065779 -9.27631889011 3.66563065779 6.93144739798|
|198|2.80409227625|15.4798927307 48.3075180054 -5.99907636642|0.001 3.36789332899e-24 4.84676140168e-27 3.34204393485e-24 0.001 0.0 4.84676140168e-27 1.65291993684e-20 0.001|
|199|46.1134608486|22.2010622025 54.7961235046 2.48130393028|1.45037221209 -0.564116639883 -0.109086220645 -0.564116639883 0.220562004117 0.0424579299628 -0.109086220645 0.0424579299628 0.00920999549083|
|200|9.79290723443e-05|19.3963355917 51.5875243871 -6.10679959932|0.001 2.7372914125e-16 -3.24010636524e-17 2.73620721032e-16 0.001 -8.61263100768e-17 -3.2390539903e-17 -8.61296982086e-17 0.001|
|201|565.486415418|-2.18519580577 49.8031764757 -4.52807307624|4.2749592803 8.70279089574 -2.03760712294 8.70279089574 19.9010385696 -3.86107580807 -2.03760712294 -3.86107580807 5.27544693793|
|202|155.462615249|-0.235641061331 50.6121663716 -7.68556078031|2.77386940692 4.90946541389 0.0512615231408 4.90946541389 9.06769945402 -0.0978719827228 0.0512615231408 -0.0978719827228 0.107361853037|
|203|225.233127268|28.2146209727 54.8864641935 -9.02659316754|3.09616566853 -0.183073363556 5.59875339177 -0.183073363556 0.0552215712306 -0.733382757225 5.59875339177 -0.733382757225 16.111657632|
|204|135.641905038|9.08689270591 40.0498133954 -3.22446375632|29.9595354394 -11.9030331506 5.75332346884 -11.9030331506 4.7458746934 -2.30622383712 5.75332346884 -2.30622383712 1.24072628825|
|205|69.1695421457|23.372516578 42.649052657 -8.53632266654|0.277020648774 0.412021744956 -1.15739960005 0.412021744956 0.629192471553 -1.69546106829 -1.15739960005 -1.69546106829 4.93302324919|
|206|46.1134608523|11.6977896691 41.9596805573 -7.14489936827|0.054566711508 0.0501310475805 0.0128458604321 0.0501310475805 0.0479157404212 0.0120219521136 0.0128458604321 0.0120219521136 0.00408057235567|
|207|69.0540772299|20.7486158914 47.7163973777 -6.31070954211|0.0387407852664 0.166079205666 0.166402092526 0.166079205666 0.986583797433 0.840740186007 0.166402092526 0.840740186007 0.780877491707|
|208|3.70611161801e-05|16.2232589498 53.1462935667 -5.81956671865|0.000999895740835 1.54241011022e-08 -8.3500535699e-10 1.54241011021e-08 0.000999997406812 -5.627722743e-09 -8.3500535699e-10 -5.62772274299e-09 0.000999893756971|
|209|367.859841921|7.84958711275 24.5805112124 -13.7702283607|9.19163792691 5.58227815348 -2.10273853819 5.58227815348 8.90091005754 -2.56181525323 -2.10273853819 -2.56181525323 1.17107137507|
|210|358.166910556|8.79076049613 44.9886211255 -32.4776649335|16.7632862227 -1.06416448372 8.9433989281 -1.06416448372 5.11272645459 -6.35606893106 8.9433989281 -6.35606893106 11.6277023241|
|211|15.2286526655|16.3044300079 55.5332298279 -9.4375705719|0.001 -2.3396791795e-14 -1.9339540644e-15 -2.3396791795e-14 0.000995953654162 -4.06575814682e-20 -1.9339540644e-15 -5.03716731561e-20 0.000995953654162|
|212|0.0105143773766|15.6889410018 41.4255180357 -4.92632770536|0.000999999953723 -5.1597432907e-09 -1.07508381681e-10 -5.1597432907e-09 0.000999424457299 9.63813203509e-13 -1.07508381682e-10 9.63813193947e-13 0.000999424411062|
|213|299.360515995|6.01817605749 35.3398980269 -3.02324080665|5.23509179773 -0.944603181359 -1.18334421884 -0.944603181359 0.922760886545 0.34356381788 -1.18334421884 0.34356381788 0.342940717847|
|214|17.3391479652|15.6621494293 50.4073219299 -11.4395771027|0.001 1.38839519319e-27 0.0 1.38839519319e-27 0.001 0.0 0.0 -3.14127514313e-21 0.001|
|215|341.144662187|-0.553307565211 54.2581216539 -34.0804555986|5.10323368758 -0.630171540515 2.89749177173 -0.630171540515 11.1106966539 -5.63965975361 2.89749177173 -5.63965975361 4.40570171123|
|216|268.889665596|21.6257005195 64.6942483539 -20.5880638784|1.68022205248 -2.04041831723 -1.45484660364 -2.04041831723 16.7214183631 -3.27163830243 -1.45484660364 -3.27163830243 3.28693573888|
|217|23.0552837239|5.6180768013 33.5871315002 -21.0717926025|0.001 -5.04870979341e-29 -7.57306469012e-29 5.04870979341e-29 0.001 0.0 -1.00974195868e-28 -1.854569615e-22 0.001|
|218|143.869225631|16.509090662 42.1780757017 -18.3786793023|2.78815785686 -1.73108495806 -0.958128292959 -1.73108495806 2.59552362738 -1.44940257737 -0.958128292959 -1.44940257737 3.1119240407|
|219|2.32656937416|15.656829834 50.0499267578 -10.561214447|0.001 1.25208002877e-23 -6.46234853557e-27 1.24691014994e-23 0.001 0.0 -6.46234853557e-27 3.16644830705e-20 0.001|
|220|0.0275307909236|16.2232589721 53.14629364 -5.81956672667|0.000999999996896 1.78903635505e-09 -7.43927608292e-11 1.78903635505e-09 0.000998967178696 -1.28861914086e-13 -7.43927608293e-11 -1.28861899271e-13 0.000998967175603|
|221|135.19826947|-16.1035894004 33.9868350011 -17.9788992162|18.5593863947 -11.611572181 6.13301076916 -11.611572181 7.296633326 -3.87440226025 6.13301076916 -3.87440226025 2.28396222581|
|222|3.50921255465e-05|16.2232589485 53.1462935626 -5.81956671819|0.00100021539932 -3.1867412163e-08 1.78353029765e-09 -3.1867412163e-08 0.00100000540202 1.20176565844e-08 1.78353029765e-09 1.20176565844e-08 0.00100021945614|
|223|69.2255467433|-5.90903146629 43.3362985118 -18.7790522647|0.811007390139 0.70402716258 0.569713153609 0.70402716258 5.25241723208 1.46775996035 0.569713153609 1.46775996035 0.605592278047|
|224|184.50256076|5.51258436581 48.5572154866 -5.41575934308|0.659225482817 1.31385311911 0.423631653246 1.31385311911 3.03126145854 0.917886648713 0.423631653246 0.917886648713 0.357747239183|
|225|0.00045204585972|16.2232589703 53.1462936341 -5.81956672603|0.00100021450574 -3.1881469625e-08 1.78713446324e-09 -3.18814696251e-08 0.00100000542527 1.19865803793e-08 1.78713446324e-09 1.19865803793e-08 0.00100021858718|
|226|46.1134608279|-2.82691669465 37.655790329 -21.4548091888|0.0201548995043 -0.0187547507731 0.00720753911246 -0.0187547507731 0.019332639255 -0.00705105948392 0.00720753911246 -0.00705105948392 0.00369096711986|
|227|46.1110359062|-6.70765486865 38.641707552 -17.2534262657|0.00241239016918 0.0116976340873 -0.00383171295296 0.0116976340873 0.0978476180899 -0.0317237220522 -0.00383171295296 -0.0317237220522 0.0113903058616|
|228|160.635693628|-7.14394421183 49.3920261754 -21.9574322115|7.22707169083 8.9203779988 -10.0864974585 8.9203779988 11.039585482 -12.4502925069 -10.0864974585 -12.4502925069 14.2651725166|
|229|22.9092955553|7.81398057938 42.7838363647 -13.6888875961|0.001 -3.89075283409e-15 -3.21605514251e-16 -3.89075283409e-15 0.000995953654162 -1.08420217249e-19 -3.21605514251e-16 -8.14742622206e-20 0.000995953654162|
|230|4.19968828928|16.2232589722 53.1462936401 -5.81956672668|0.001 -7.49160633334e-14 -3.1151293735e-15 -7.49160633333e-14 0.000998979135029 -1.35525271561e-20 -3.1151293735e-15 -3.30687313267e-20 0.000998979135029|
|231|8.11823986943|15.4798927307 48.3075180054 -5.99907636642|0.001 5.07395334238e-27 4.03896783473e-28 8.30512761017e-27 0.001 0.0 4.03896783473e-28 -3.49407744034e-21 0.001|
|232|293.010743458|16.1662595762 35.3236826882 -15.7920073095|4.57261935079 4.05738318618 1.53510164271 4.05738318618 5.96024595185 0.237252421696 1.53510164271 0.237252421696 1.22870686552|
|233|362.11398783|24.2022014577 49.2520121415 4.03297157393|10.0734492109 -4.68368158549 -7.15382555704 -4.68368158549 3.17412603429 3.76570492583 -7.15382555704 3.76570492583 5.73412029854|
|234|249.45929014|13.9238850667 51.3511726441 4.29444699924|4.02091403399 1.728096547 4.26211445484 1.728096547 1.3300860676 1.59940299819 4.26211445484 1.59940299819 4.88743850883|
|235|68.9869091087|4.66088160557 53.0787033186 -12.4312427219|5.71769347072 5.74655182055 3.28393943732 5.74655182055 6.23706509396 2.38509456067 3.28393943732 2.38509456067 3.71346173445|
|236|92.2269216981|12.313628912 36.1572551727 -7.70130681992|1.52205205867 -0.555543771482 0.956882297517 -0.555543771482 0.219121904359 -0.339645848374 0.956882297517 -0.339645848374 0.609414161181|
|237|23.0567304245|11.3137121201 42.1643371582 -6.74631357193|0.001 -1.26217744835e-29 2.52435489671e-29 -1.26217744835e-29 0.001 -2.71050543121e-20 -2.52435489671e-29 2.68572175539e-20 0.001|
|238|160.97466679|17.6566527132 61.7154470897 -7.91425340505|0.395570380392 0.273247157568 -2.51001073799 0.273247157568 0.215323710655 -2.0249561902 -2.51001073799 -2.0249561902 20.3421272544|
|239|0.508320681775|16.2232589722 53.1462936401 -5.81956672668|0.001 1.4433737526e-19 5.16987882846e-26 1.4433654808e-19 0.000999999999956 0.0 1.03397576569e-25 2.91837353277e-21 0.000999999999956|
|240|258.011823968|-5.66065858168 32.2992126949 -7.80525641132|18.404285664 0.579064616313 5.53088855376 0.579064616313 1.76009622151 0.410404735414 5.53088855376 0.410404735414 2.06674945167|
|241|23.0567304245|12.7989645004 55.1485023499 -8.28791904449|0.001 2.17233544671e-15 -9.03291718494e-17 2.17233544671e-15 0.000998979135029 4.06575814682e-20 -9.03291718494e-17 6.59434901223e-20 0.000998979135029|
|242|8.07697762036e-05|15.2153634929 48.7724151302 -9.48869418496|0.0010005513725 -8.18029476096e-08 8.03473040269e-09 -8.18029476097e-08 0.00100001752198 5.36386429617e-08 8.03473040268e-09 5.36386429616e-08 0.00100055835765|
|243|1.10830186322e-11|15.8844355737 52.0363312178 -5.69802484787|0.148140198838 0.412246672965 -0.0597302513505 0.412246672965 1.154657808 -0.167173098916 -0.0597302513505 -0.167173098916 0.0250643234203|
|244|69.4472749927|23.617047813 38.328369162 -24.4460104246|1.87957579302 -0.00670402579991 -1.99365990511 -0.00670402579991 0.54685865242 1.65146807791 -1.99365990511 1.65146807791 7.0707332219|
|245|46.113411564|14.7831772365 41.2433115875 -12.576099665|1.45632102417 0.741404882733 -0.32010826628 0.741404882733 0.378705312772 -0.16307736026 -0.32010826628 -0.16307736026 0.0714108550358|
|246|0.0146483813355|16.2232589721 53.14629364 -5.81956672666|0.000999999305874 5.66926377683e-08 -2.34586710212e-09 5.66926377683e-08 0.000995361705747 -2.86729173729e-11 -2.34586710212e-09 -2.86729173714e-11 0.000995361013995|
|247|46.1003829321|-4.24513903544 44.0264607753 -31.4567303897|18.5572337365 6.54366348034 -9.6949501376 6.54366348034 2.30855509723 -3.41882367187 -9.6949501376 -3.41882367187 5.06625513233|
|248|441.948489572|-5.30320013545 27.0619657999 -30.856181772|8.50932416716 -3.97459788843 -0.0351860603313 -3.97459788843 2.00033755321 -0.0812497850143 -0.0351860603313 -0.0812497850143 0.483848662955|
|249|7.82804901436|16.3044300079 55.5332298279 -9.4375705719|0.001 1.83514116094e-13 -7.58454137226e-15 1.83514116094e-13 0.000995953654162 0.0 -7.58454137227e-15 2.98110129176e-21 0.000995953654162|
|250|4.64299021993|16.2232589722 53.1462936401 -5.81956672668|0.001 2.3143285693e-25 -8.07793566946e-28 2.44256579805e-25 0.001 0.0 -8.07793566946e-28 4.63151308877e-21 0.001|
|251|179.580560673|29.6614837398 47.5234033204 -0.840490380724|4.47082018367 -0.0226111957116 1.32473952448 -0.0226111957116 0.490249486681 -0.0842275357344 1.32473952448 -0.0842275357344 0.496203285033|
|252|197.172602098|26.2255285828 57.261442286 -14.7773237354|8.63597256569 1.45754576396 0.530302784443 1.45754576396 0.395061807801 -0.28484630772 0.530302784443 -0.28484630772 4.65742722403|
|253|3.58528251|15.6621494293 50.4073219299 -11.4395771027|0.001 1.01256923617e-24 1.61558713389e-27 1.06426802445e-24 0.001 0.0 -3.23117426779e-27 5.42596407768e-20 0.001|
|254|23.0567301552|10.0987415314 44.5556716919 -13.254160881|0.001 6.14750203811e-15 -1.00998034313e-15 6.14750203811e-15 0.000992873529867 1.62630325873e-19 -1.00998034313e-15 1.07651630157e-19 0.000992873529867|
|255|69.1701912736|18.2293020884 50.0240910848 -2.37829502424|0.246258597372 0.128640372645 0.175803468562 0.128640372645 0.0999060167954 0.0939911433535 0.175803468562 0.0939911433535 0.127118304659|
|256|6.94195364963|16.2232589722 53.1462936401 -5.81956672668|0.001 1.50199116354e-26 0.0 1.49946680864e-26 0.001 1.35525271561e-20 4.03896783473e-28 3.83990080523e-21 0.001|
|257|438.173667903|7.36015559135 38.3925942669 -29.6625279049|2.68294862536 -5.30807775535 2.74040167474 -5.30807775535 11.344090399 -5.64528407405 2.74040167474 -5.64528407405 2.95207299492|
|258|323.013805632|4.67225278929 43.4655277874 -33.7266929838|30.4162454762 -2.84183784923 -16.5660263843 -2.84183784923 4.07179554185 3.63531476585 -16.5660263843 3.63531476585 10.2408953457|
|259|559.399337573|8.0277212023 58.8341295948 -12.5229566765|1.91757465753 -1.8414751635 -6.26988436437 -1.8414751635 2.25176622616 4.87301005776 -6.26988436437 4.87301005776 44.6150299511|
|260|46.1134608429|23.6204395293 43.1411266328 -8.33363938367|3.35601956562 -3.50702605485 2.18628214989 -3.50702605485 3.66637329931 -2.28518529384 2.18628214989 -2.28518529384 1.42525822492|
|261|46.1134608491|9.82935571671 39.0988445282 -11.197098732|1.80618625002 -0.475123127101 -0.137400684672 -0.475123127101 0.126047871266 0.0361636692498 -0.137400684672 0.0361636692498 0.0114543321521|
|262|92.2264153812|23.6028161567 61.8481449785 -11.6046439295|1.37050317405 -2.4364281776 2.27718008846 -2.4364281776 4.68449224361 -4.3160843942 2.27718008846 -4.3160843942 4.02010806968|
|263|104.982208364|-6.75306655054 43.8660329849 -12.4510065863|8.80231777618 7.56224382276 2.69018414054 7.56224382276 6.99173647345 1.77652469945 2.69018414054 1.77652469945 1.42714541305|
|264|336.148090049|-7.93405541326 27.3053752671 -9.88208780982|5.59982237569 -1.44168038839 -1.34239092386 -1.44168038839 2.54523790731 0.709047710701 -1.34239092386 0.709047710701 1.55643278461|
|265|0.0134985196871|16.1929439615 52.5638886643 -6.31354306843|0.00156599000664 -0.000939267109389 -0.000223738872336 -0.000939267109389 0.00256696769622 0.000372839312901 -0.000223738872336 0.000372839312901 0.00109118043703|
|266|0.00873788554121|16.2232589721 53.1462936398 -5.81956672665|0.000999998976713 5.94015204559e-08 -3.70427086505e-09 5.94015204559e-08 0.000996538345722 -6.35648611383e-11 -3.70427086505e-09 -6.35648611327e-11 0.000996537330363|
|267|5.09417962156|19.3963356018 51.5875244141 -6.10679960251|0.001 2.27797785879e-25 8.07793566946e-28 2.14873088808e-25 0.001 1.35525271561e-20 8.07793566946e-28 6.8974922134e-21 0.001|
|268|271.936381131|-0.395541067852 30.8099639189 -22.4208413648|18.9145694322 8.34826304636 4.03267721196 8.34826304636 4.49243496762 0.378830251333 4.03267721196 0.378830251333 3.53260583482|
|269|157.060793976|3.80109504968 56.2829724129 1.26324957687|16.8355200621 6.80940488204 7.15227336177 6.80940488204 2.77539413851 2.87276358951 7.15227336177 2.87276358951 3.11763137062|
|270|22.9686706374|15.2153635025 48.7724151611 -9.48869419098|0.001 -6.31088724177e-29 5.04870979341e-29 -5.67979851759e-29 0.001 0.0 1.00974195868e-28 -6.85033933334e-22 0.001|
|271|212.772854129|26.0006875476 45.1452137442 -14.2968890752|0.114106926714 0.266751281191 0.33855211684 0.266751281191 20.9069858167 7.51587216303 0.33855211684 7.51587216303 3.74956857024|
|272|2.812869471|16.9956531525 52.3466300964 -5.77812767029|0.001 1.76545699687e-13 -7.34105171025e-15 1.76545699687e-13 0.000998979135029 5.42101086243e-20 -7.34105171025e-15 3.63685763836e-20 0.000998979135029|
|273|46.1129686175|18.0895658807 45.2008456878 -22.0190480277|1.51307715626 -1.96842221718 0.422788551842 -1.96842221718 2.5628778232 -0.550308285392 0.422788551842 -0.550308285392 0.11894399018|
|274|92.175457906|-3.35982056567 35.8445153815 -9.75088684359|3.49474172353 -0.453603182069 -1.59863185648 -0.453603182069 0.272370596276 0.495160585957 -1.59863185648 0.495160585957 1.14812294125|
|275|7.32648795264|15.656829834 50.0499267578 -10.561214447|0.001 -2.32357709851e-14 -9.66180408992e-16 -2.32357709851e-14 0.000998979135029 -8.13151629364e-20 -9.66180408992e-16 -6.6548343656e-20 0.000998979135029|
|276|138.330734698|10.9080502806 50.5934655243 -23.7808172305|2.77762800902 -3.84597364662 0.863605031287 -3.84597364662 7.39192656047 -1.10824039372 0.863605031287 -1.10824039372 0.287664086748|
|277|114.8704361|-3.25909334556 30.6627411102 -14.8748520258|0.216394553073 -0.970110211227 0.479753834346 -0.970110211227 4.56799853275 -2.12046509198 0.479753834346 -2.12046509198 1.33709407164|
|278|348.531026012|17.1518822295 61.4076090073 -22.1534703303|11.4808186748 -8.09175558175 -4.51817103214 -8.09175558175 5.90837605532 2.97920412172 -4.51817103214 2.97920412172 7.0595337112|
|279|68.9225910174|9.15036994814 64.2583071582 -15.9942201081|7.12032615327 9.70355685612 2.709402644 9.70355685612 13.237961283 3.68103820401 2.709402644 3.68103820401 1.0447257936|
|280|2.41762181558e-07|15.6621461125 50.4073112552 -11.4395746801|0.000996327581579 5.37822284355e-07 -5.72371253217e-08 5.37822284355e-07 0.000999879347026 -3.86455961593e-07 -5.72371253216e-08 -3.86455961593e-07 0.000996289054095|
|281|46.1134601094|25.667840952 57.6382064888 2.2752215884|0.118552420016 -0.153535830603 -0.013149304197 -0.153535830603 0.201042877347 0.0171409237371 -0.013149304197 0.0171409237371 0.00226899832514|
|282|69.1458573686|20.0733293175 57.1158478666 -17.1028198701|0.0384411787527 0.0133407971715 0.0308942872956 0.0133407971715 0.0147324393737 0.0245582811455 0.0308942872956 0.0245582811455 0.0469413981137|
|283|3.931273782|19.435464859 48.0039672852 -10.5861501694|0.001 3.79456375244e-13 -3.13654626495e-14 3.79456375244e-13 0.000995953654162 5.42101086243e-20 -3.13654626495e-14 4.36931575727e-20 0.000995953654162|
|284|214.625128057|12.7234736026 39.43362372 -28.6007038371|5.66112322792 18.0513694168 -15.7738303173 18.0513694168 66.6337795379 -58.6751685047 -15.7738303173 -58.6751685047 51.7118314053|
|285|69.1600017485|10.8624382363 35.1399402963 -20.7193321327|0.0469424296539 -0.0120338158389 -0.0564572854125 -0.0120338158389 0.015154355296 -0.0795274169502 -0.0564572854125 -0.0795274169502 0.878881566601|
|286|8.31382092173|16.4409236908 53.1314163208 -6.18642425537|0.001 -1.99843410387e-14 -8.30980767135e-16 -1.99843410387e-14 0.000998979135029 -4.06575814682e-20 -8.30980767135e-16 -3.95437964465e-20 0.000998979135029|
|287|46.1108202315|-1.20269846137 34.915811369 -5.30264714604|0.284153689517 0.0842866310925 0.0292842375505 0.0842866310925 0.0258957934187 0.00871231286482 0.0292842375505 0.00871231286482 0.00384500666563|
|288|46.1121995035|32.9791593556 42.5103586424 -6.28858086592|18.2538415157 5.55532525545 8.53086689882 5.55532525545 1.69161836555 2.59638562979 8.53086689882 2.59638562979 3.9879107381|
|289|46.1134538891|21.198502444 57.7278346298 -6.21304399434|0.49072869433 0.279417822098 0.313017356559 0.279417822098 0.160500861947 0.178616481857 0.313017356559 0.178616481857 0.201185539719|
|290|3.8711930231|16.9955406189 51.6458702087 -6.31144428253|0.001 7.73866237135e-25 0.0 7.99614657081e-25 0.001 0.0 8.07793566946e-28 1.92996666238e-20 0.001|
|291|115.660357797|20.3701747437 61.6419175798 -0.827227015677|5.52865527973 1.84487716756 -1.35985906916 1.84487716756 0.701611647996 -0.963795497215 -1.35985906916 -0.963795497215 4.59844065854|
|292|282.500489988|12.0361525188 30.9235430392 -20.6334828244|11.427759837 8.3719085564 6.66609522183 8.3719085564 6.33777782908 4.95902652418 6.66609522183 4.95902652418 3.97473125611|
|293|115.271911349|5.43220620026 49.5710040543 -23.868220806|2.04747074274 0.700506945989 -0.815159369816 0.700506945989 0.320789649701 -0.213881356139 -0.815159369816 -0.213881356139 0.522080594008|
|294|68.924861744|-0.405815295563 37.6168874404 -13.5024058604|35.4160237115 0.65186050352 36.0109582781 0.65186050352 0.01300425783 0.662459471602 36.0109582781 0.662459471602 36.6411226987|
|295|92.0770481982|19.5195068572 53.0441768756 -12.972422442|7.84506239241 -6.23299265253 8.46809667299 -6.23299265253 4.95936473809 -6.72794002312 8.46809667299 -6.72794002312 9.14418747703|
|296|92.1924135189|21.4571765327 39.8735851906 -19.2794386927|0.193679506813 -0.610106636595 0.11757598203 -0.610106636595 2.04854487123 -0.36514457891 0.11757598203 -0.36514457891 0.0921326428751|
|297|137.87070899|-5.14673836256 37.3973237684 -28.6246748865|2.55798674114 -0.0716778797935 2.64750827791 -0.0716778797935 0.0716184303401 -0.166648172575 2.64750827791 -0.166648172575 2.89470780419|
|298|0.00218363771168|16.2232589718 53.1462936389 -5.81956672655|0.00100015046353 -1.85713243734e-08 1.00009347385e-09 -1.85713243733e-08 0.00100000273394 8.07925564574e-09 1.00009347386e-09 8.07925564572e-09 0.00100015232731|
|299|193.662839329|26.7142973064 38.3939443282 2.53641889502|5.88752886485 -3.84661619115 -4.34672863743 -3.84661619115 4.16512681271 6.45262750595 -4.34672863743 6.45262750595 11.4322182795|
|300|253.639940514|28.8514458038 41.8664669082 -30.2015055507|24.1649746593 16.6624453272 -5.97645367925 16.6624453272 11.5703983563 -4.16222053317 -5.97645367925 -4.16222053317 2.36134633983|
|301|69.1693304471|18.0630237141 41.6608959451 -7.9211123489|0.104291378 -0.0332400673963 -0.0359298127895 -0.0332400673963 0.0122332757884 0.0120625941717 -0.0359298127895 0.0120625941717 0.0139644066557|
|302|23.0567292055|4.53030633926 48.373008728 -9.72847652435|0.001 2.72917199774e-15 -2.25590470852e-16 2.72917199774e-15 0.000995953654162 8.13151629364e-20 -2.25590470852e-16 5.39288847335e-20 0.000995953654162|
|303|0.099542005158|19.435464859 48.0039672851 -10.5861501694|0.001 3.45551649838e-15 -9.92616735064e-24 3.45551652403e-15 0.000999999964002 2.71050543121e-20 -9.92616735064e-24 1.25268231965e-20 0.000999999964002|
|304|23.0566828546|28.5660419464 44.3816680908 -19.6007766724|0.001 -6.37988078013e-14 -1.03009492891e-14 -6.37988078013e-14 0.000984379707588 -5.42101086243e-20 -1.03009492891e-14 -5.28222522154e-20 0.000984379707588|
|305|23.0567304245|10.6416187286 42.0645637512 -6.86981391907|0.001 1.01177951761e-14 -4.18163124137e-16 1.01177951761e-14 0.000995953654162 1.35525271561e-20 -4.18163124137e-16 3.84141035319e-20 0.000995953654162|
|306|299.668672196|30.9893100853 44.8615274127 -5.59511501532|0.143635893089 -0.0484716593435 0.0840924145422 -0.0484716593435 6.8579417086 0.919457743328 0.0840924145422 0.919457743328 0.35529883561|
|307|188.934346903|24.5291838687 33.5201172774 -11.8635531414|5.428775227 -0.607309655257 -11.9477280753 -0.607309655257 1.84093850449 2.8744387026 -11.9477280753 2.8744387026 28.5811378802|
|308|114.885632263|25.9137434661 33.0092712321 -16.0043093704|0.0338214506052 0.010212606559 0.0457972678782 0.010212606559 0.0672443231919 -0.0346200884915 0.0457972678782 -0.0346200884915 0.104753954587|
|309|46.1134608464|19.9031305313 52.9990711212 -0.653861552473|0.06391392998 0.0158043075637 -0.0259859166448 0.0158043075637 0.00497171454686 -0.00652794277236 -0.0259859166448 -0.00652794277236 0.0117348416047|
|310|118.947366664|10.9630207696 45.8681419952 -3.33304354626|2.53745936502 -1.39420195549 3.14587249523 -1.39420195549 1.98587896377 -2.63519837651 3.14587249523 -2.63519837651 4.59475179318|
|311|91.8425392107|2.74818129273 35.979751214 -5.44254514764|28.6155476524 10.7797448326 2.85063573929 10.7797448326 4.09811459035 1.01121235592 2.85063573929 1.01121235592 0.394531760847|
|312|69.1701763382|14.0910540002 55.7014173211 -17.7165546263|0.248200087444 0.209912489394 0.109421217589 0.209912489394 0.181858734071 0.091384797544 0.109421217589 0.091384797544 0.0503331519667|
|313|0.120569512204|12.5544404983 42.9731674194 -6.88288640976|0.000999999999947 4.61078493931e-10 -1.90561322898e-11 4.61078493931e-10 0.000995953602895 -2.17139945347e-15 -1.90561322898e-11 -2.17139172221e-15 0.000995953602842|
|314|46.103216008|2.02965153527 48.375094833 -13.6376170124|9.82644252435 -1.13013829276 12.3875320858 -1.13013829276 0.130990375114 -1.42483403231 12.3875320858 -1.42483403231 15.6187140618|
|315|207.589072601|6.21661691545 26.3689742975 -9.77347141318|7.42010341746 3.63212892363 -2.60082303669 3.63212892363 2.49773137895 -1.06882551815 -2.60082303669 -1.06882551815 1.3913954351|
|316|0.000143658843355|16.2232589664 53.1462936212 -5.81956672461|0.000999832979581 2.47009364255e-08 -1.33148022524e-09 2.47009364256e-08 0.000999995852426 -8.97699111806e-09 -1.33148022524e-09 -8.97699111805e-09 0.000999829799799|
|317|46.0989026116|-6.32108952793 40.7951556671 -16.3323041337|121.91475366 171.931043803 145.150345467 171.931043803 242.469520342 204.700680973 145.150345467 204.700680973 172.816519961|
|318|8.18843749433e-05|16.223258962 53.1462936069 -5.81956672305|0.000999626179537 5.53177310557e-08 -2.94314288154e-09 5.53177310557e-08 0.000999990735757 -1.98327271657e-08 -2.94314288154e-09 -1.98327271657e-08 0.000999619025667|
|319|69.1701912736|19.0043589274 43.8105939229 -7.0410399437|0.139645680035 -0.519842388416 -0.0306554161542 -0.519842388416 2.1541547856 0.1750522346 -0.0306554161542 0.1750522346 0.025487408755|
|320|23.0567298475|-3.10085821152 36.1268005371 -29.7301139832|0.001 -2.52435489671e-29 -2.52435489671e-29 2.52435489671e-29 0.001 -1.08420217249e-19 -2.52435489671e-29 1.08321016632e-19 0.001|
|321|183.912864341|11.1144050293 56.8445370832 -4.28337496396|6.33652829382 5.86923501303 -3.57517288402 5.86923501303 5.49146529763 -3.34731924635 -3.57517288402 -3.34731924635 2.06223815117|
|322|1.29790824877e-05|16.2232589082 53.1462934305 -5.81956670373|0.0010001716454 -2.54031744246e-08 1.49145681455e-09 -2.54031744246e-08 0.00100000436226 1.00429292196e-08 1.49145681456e-09 1.00429292195e-08 0.00100017482835|
|323|46.1130715678|6.7833758548 36.8192141668 -3.87545475238|0.0352138646578 -0.0355966724485 -0.0652981542782 -0.0355966724485 0.0380353686168 0.0679372831039 -0.0652981542782 0.0679372831039 0.125623423714|
|324|46.1132484827|8.37013449432 55.4591666391 -15.4380720779|0.03529218729 0.141875925649 -0.0576613707087 0.141875925649 0.579744464292 -0.235379558168 -0.0576613707087 -0.235379558168 0.0962119348543|
|325|46.1132304857|3.57528705332 29.6065533923 -15.7753887016|4.53922967399 0.679409246033 -1.17116725355 0.679409246033 0.102695412773 -0.175332486915 -1.17116725355 -0.175332486915 0.303221704859|
|326|23.0567304137|19.0512256622 56.8049430847 -4.64298200607|0.001 1.62505346476e-28 -2.52435489671e-29 1.60927624665e-28 0.001 0.0 -2.52435489671e-29 -6.07190995654e-22 0.001|
|327|133.530941577|-7.47104922865 32.4306539301 -13.8768395156|3.01164711114 -7.74532669281 14.4276038009 -7.74532669281 20.1467519264 -37.153172888 14.4276038009 -37.153172888 69.3572267531|
|328|0.40545741496|15.656829834 50.0499267578 -10.561214447|0.001 4.44511842688e-19 2.06795153138e-25 4.44511842688e-19 0.000999999999908 0.0 2.06795153138e-25 1.13398972125e-20 0.000999999999908|
|329|0.011191521889|16.2232589721 53.1462936399 -5.81956672666|0.000999999986261 2.00942536297e-09 4.18694734079e-11 2.00942536297e-09 0.000999705987166 2.86156122127e-13 4.18694734076e-11 2.86156150754e-13 0.000999705973439|
|330|46.1134608498|0.611902812499 40.0702285767 -16.0183591843|0.408065060245 -0.185280980606 -0.203968402872 -0.185280980606 0.0853330582077 0.0928388832375 -0.203968402872 0.0928388832375 0.103202603351|
|331|0.00971308398769|7.81398057934 42.7838363645 -13.6888875961|0.000999999995812 -7.27451442711e-10 -2.11758236814e-21 -7.27451442712e-10 0.000999873646397 -1.62630325873e-19 -2.11758236814e-21 -1.52098662314e-19 0.000999873642209|
|332|181.967697333|9.11202265247 49.6209362965 -29.8989056839|16.7978376406 -1.5348749004 4.16568111804 -1.5348749004 0.263498618004 -0.247084863022 4.16568111804 -0.247084863022 3.35560119715|
|333|188.820006756|29.0301355682 54.7700305591 -9.01739481662|0.128765153512 0.328944148156 0.187499507657 0.328944148156 6.29963594226 -3.4234894016 0.187499507657 -3.4234894016 3.42894166019|
|334|138.31400163|11.6754617149 60.4286887221 -26.3853875059|2.53291143546 -3.51784082305 -1.51985201242 -3.51784082305 5.36376782168 2.55524123566 -1.51985201242 2.55524123566 1.40466339354|
|335|23.0567302555|24.3963794708 40.8225402832 -15.0037002563|0.001 -1.36315164422e-27 -2.01948391737e-28 -1.36315164422e-27 0.001 0.0 0.0 -3.3106952902e-21 0.001|
|336|0.0179472406555|16.2232589721 53.14629364 -5.81956672667|0.000999999994643 -1.31305555844e-09 -2.73449485892e-11 -1.31305555844e-09 0.000999677988234 1.11503457834e-13 -2.73449485892e-11 1.11503446497e-13 0.000999677982882|
|337|2.17888194595e-08|16.2997471595 52.8153184117 -5.6246539253|0.00166647642131 -0.00288140174944 0.0016973943339 -0.00288140174944 0.0134573529483 -0.00733843876055 0.0016973943339 -0.00733843876055 0.00532296719704|
|338|392.17073167|-0.234021234566 40.374187895 -25.7699779193|2.37590538531 1.14919083358 0.785161569154 1.14919083358 1.22997529366 1.47435835516 0.785161569154 1.47435835516 2.51264825267|
|339|226.227830505|19.8609618614 59.0092397542 -20.871686543|25.8802858652 -16.9809924235 19.4192504221 -16.9809924235 19.9123940678 -16.2190735255 19.4192504221 -16.2190735255 15.9553062052|
|340|17.3498471587|3.65891575813 39.4051017761 -19.0575866699|0.001 2.52046205166e-14 -2.03476778595e-15 2.52046205166e-14 0.000984379707588 5.42101086243e-20 -2.03476778595e-15 5.17960705897e-20 0.000984379707588|
|341|69.1696466275|8.72520807854 50.5978706928 -4.52253003143|3.12012952275 1.13784357895 1.98750010398 1.13784357895 0.416641984242 0.724310729245 1.98750010398 0.724310729245 1.26835106095|
|342|411.095887339|-4.14786855177 50.748753933 -13.1836161701|61.4168965437 16.6268343845 71.2431762653 16.6268343845 4.6747541751 19.2217632236 71.2431762653 19.2217632236 82.8833973743|
|343|9.36271457128|1.27139937878 38.0847396851 -18.8874988556|0.001 -3.02922587605e-28 5.04870979341e-29 -7.57306469012e-29 0.001 0.0 0.0 -3.56386259569e-22 0.001|
|344|46.1134606949|23.6195516551 42.4541034679 -6.59558828064|12.099427678 2.79075518322 12.2691495054 2.79075518322 0.64465101854 2.83011680278 12.2691495054 2.83011680278 12.4428975595|
|345|115.283485583|-2.69254895237 27.4865052652 -15.646303666|3.12935471637 -3.29569118524 -1.54424481381 -3.29569118524 3.4861580906 1.66259689105 -1.54424481381 1.66259689105 0.880548945944|
|346|23.0567304244|16.9404678345 41.9330024719 -8.4277305603|0.001 -2.17738233225e-15 -9.05390293982e-17 -2.17738233225e-15 0.000998979135029 -5.42101086243e-20 -9.05390293983e-17 -5.48873046638e-20 0.000998979135029|
|347|69.1701856384|2.29571641655 47.4047912412 -6.11265032876|7.93054259932 12.9323237177 -2.924580068 12.9323237177 21.2086869726 -4.8102159889 -2.924580068 -4.8102159889 1.09375305599|
|348|0.0105697233926|16.2232589721 53.1462936399 -5.81956672666|0.000999998240922 7.50636228736e-08 -1.56748633646e-09 7.50636228736e-08 0.000996795477489 -3.671724288e-11 -1.56748633646e-09 -3.67172428657e-11 0.000996793719944|
|349|46.1134605606|25.0738687399 44.1441688473 -4.55590581613|3.81436037834 2.21950762627 -1.27789546109 2.21950762627 1.29277574782 -0.743773304265 -1.27789546109 -0.743773304265 0.429188944665|
|350|23.0567304245|15.4192314148 45.1879348755 -7.58854675293|0.001 -7.97293540392e-15 -6.59034407996e-16 -7.97293540392e-15 0.000995953654162 -4.06575814682e-20 -6.59034407996e-16 -4.01858795078e-20 0.000995953654162|
|351|0.107401514624|16.9955406189 51.6458702087 -6.31144428253|0.001 1.72345006798e-15 -4.96308367532e-24 1.72345004151e-15 0.000999999977238 2.71050543121e-20 0.0 -1.54767732216e-20 0.000999999977238|
|352|0.0435610620726|19.3963356018 51.587524414 -6.1067996025|0.000999999997332 1.65837588695e-09 -3.44796670735e-11 1.65837588695e-09 0.000998968848741 -5.54528076019e-14 -3.44796670734e-11 -5.54527901945e-14 0.000998968846075|
|353|127.037003724|7.21395522781 48.5617279652 -21.445487992|1.75972229241 -0.812155958923 -0.777869245967 -0.812155958923 6.38041225741 0.239520802825 -0.777869245967 0.239520802825 0.351935050419|
|354|46.1134607328|12.0598993293 52.2835350035 -10.485785962|0.159764958886 0.109615322251 0.201111211315 0.109615322251 0.0763460659407 0.138614767873 0.201111211315 0.138614767873 0.254971549069|
|355|23.05673042|-1.55964314938 37.7478523254 -18.9300537109|0.001 7.5439785561e-16 6.23577288637e-17 7.5439785561e-16 0.000995953654162 -1.62630325873e-19 6.23577288637e-17 -1.08433687254e-19 0.000995953654162|
|356|320.631540061|-8.4785528745 36.3377072673 -18.2012398135|2.49185484648 3.2626937608 3.08224423455 3.2626937608 5.52884902235 5.27416809032 3.08224423455 5.27416809032 5.12709473763|
|357|23.0526473289|4.27597045898 35.8846740723 -12.2723808289|0.001 -1.51461293802e-28 -2.52435489671e-29 -1.51461293802e-28 0.001 0.0 -5.04870979341e-29 -5.41580079635e-23 0.001|
|358|129.032803022|-12.1568960782 27.9174721359 -26.4598561191|2.44999838829 3.56317178288 2.73488927838 3.56317178288 5.62113105317 4.2707173479 2.73488927838 4.2707173479 3.68756070815|
|359|329.855292064|26.1283622134 46.4192683788 -26.8827363234|2.81935942635 -3.33039376839 -3.5616536552 -3.33039376839 5.06351865633 5.28711839415 -3.5616536552 5.28711839415 26.9359268182|
|360|251.997777266|25.3024687313 33.9401016378 -6.16753591512|4.05459592477 3.92292810965 5.21132960762 3.92292810965 6.5069891514 0.298486598187 5.21132960762 0.298486598187 16.1965178059|
|361|69.1218372052|24.9098553214 60.1604135683 -9.32797429191|1.75484116331 -0.981067872806 -2.75541733747 -0.981067872806 0.575914670026 2.04243275595 -2.75541733747 2.04243275595 13.9425060785|
|362|92.2269216981|5.0886182785 46.4876317978 -13.0042805672|0.0328997284255 0.105937917012 -0.0934958338887 0.105937917012 0.383218801361 -0.406030570421 -0.0934958338887 -0.406030570421 0.588282780139|
|363|180.434827856|18.870892416 43.2289225352 -0.241145731186|3.78873629024 4.61795816296 -2.13157297382 4.61795816296 5.751225577 -2.35347808265 -2.13157297382 -2.35347808265 1.73205596665|
|364|0.00013070728615|16.2232589658 53.1462936193 -5.81956672441|0.000999895833617 1.54078088667e-08 -8.34029160784e-10 1.54078088667e-08 0.000999997409946 -5.62208331026e-09 -8.34029160788e-10 -5.62208331026e-09 0.000999893852212|
|365|23.0567304245|14.3275566101 55.8961296082 0.936503052711|0.001 -1.06249703172e-28 -3.15544362088e-30 2.97696384108e-28 0.001 0.0 9.46633086265e-30 6.54707917817e-23 0.001|
|366|1.73857944156|16.3135571443 52.7913086967 -5.6248097135|0.00164652072019 0.0017219089065 -0.00284766103955 0.0017219089065 0.00558833871031 -0.00758820525003 -0.00284766103955 -0.00758820525003 0.0135508680474|
|367|138.114543105|3.67671379346 69.2516246981 -11.381757732|0.8475972381 1.10039556701 -0.667577083459 1.10039556701 1.74563029513 -0.325133982636 -0.667577083459 -0.325133982636 2.20513451234|
|368|0.271882309687|16.2232589722 53.1462936401 -5.81956672668|0.000999999999999 3.62804805606e-11 -7.54300124615e-13 3.62804805606e-11 0.000998979130003 -2.67797936604e-17 -7.54300124616e-13 -2.67876128727e-17 0.000998979130001|
|369|23.0567304245|14.2953977585 42.1081771851 -5.24668359756|0.001 3.51163143726e-15 -7.30096173796e-17 3.51163143726e-15 0.000998979135029 1.35525271561e-20 -7.30096173795e-17 2.39515389487e-20 0.000998979135029|
|370|46.1114585328|-13.6725311457 36.3563629961 -25.9488728486|0.277392507261 0.908456026611 -0.19405956364 0.908456026611 2.98684044421 -0.637820825073 -0.19405956364 -0.637820825073 0.137239006236|
|371|46.0838858992|3.55420418673 44.3544516927 -29.496274564|8.2482924459 4.12653563188 -9.01877555927 4.12653563188 2.06572734042 -4.51255259242 -9.01877555927 -4.51255259242 9.8634628356|
|372|2.61860443678|15.656829834 50.0499267578 -10.561214447|0.001 5.90093200654e-24 3.23117426779e-27 5.92678140069e-24 0.001 0.0 6.46234853557e-27 -2.0732207126e-20 0.001|
|373|23.0567303899|18.5848445892 55.4327659607 -6.6964006424|0.001 6.12284455728e-15 -1.27298820047e-16 6.12284455728e-15 0.000998979135029 0.0 -1.27298820046e-16 1.75180358765e-20 0.000998979135029|
|374|23.0566939343|8.21547794342 36.0112724304 -23.9110145569|0.001 -5.04870979341e-29 -5.04870979341e-29 -2.27191940704e-28 0.001 -5.42101086243e-20 -5.04870979341e-29 5.36946380978e-20 0.001|
|375|46.1031655786|1.71604240135 45.9956034773 -33.5973286977|0.162491549943 0.411905689789 -1.22599532737 0.411905689789 1.05162027914 -3.12706424068 -1.22599532737 -3.12706424068 9.30838817769|
|376|69.1379852419|8.22094679863 65.4601465743 -5.49778899392|1.43386405902 3.13120579913 -2.90761455293 3.13120579913 6.87238190224 -6.44755249696 -2.90761455293 -6.44755249696 6.20518053505|
|377|5.77911014196e-06|16.2232588284 53.1462931693 -5.81956667513|0.000998407653098 2.35661312374e-07 -1.18829297329e-08 2.35661312374e-07 0.000999960996223 -8.00884901388e-08 -1.18829297329e-08 -8.00884901388e-08 0.000998376725802|
|378|13.6940158533|1.27139937878 38.0847396851 -18.8874988556|0.001 -1.26217744835e-29 -7.57306469012e-29 -1.13595970352e-28 0.001 0.0 -2.52435489671e-29 -8.01180466109e-23 0.001|
|379|277.953374603|-11.4753504134 30.041262266 -10.3181362087|2.8103766648 -4.3082891458 -5.32396859555 -4.3082891458 7.65176646555 9.51711166563 -5.32396859555 9.51711166563 11.9449407503|
|380|69.1701497103|-1.06723285693 45.0037313099 -17.6335232149|1.79919938032 1.71782958342 -1.72202264363 1.71782958342 1.64625412006 -1.64847611748 -1.72202264363 -1.64847611748 1.6528540326|
|381|23.0564279944|10.7861766815 34.0297279358 -24.3209838867|0.001 -3.02922587605e-28 -2.52435489671e-28 -3.02922587605e-28 0.001 0.0 -2.01948391737e-28 -9.61863614728e-22 0.001|
|382|0.0134202284824|15.6568298339 50.0499267576 -10.561214447|0.000999999944829 -8.13400997901e-09 -3.38347022056e-10 -8.13400997901e-09 0.000998798714595 2.29097779159e-12 -3.38347022055e-10 2.29097779906e-12 0.000998798659614|
|383|23.0567304225|21.2711582184 56.9689331055 -7.14214992523|0.001 4.73316543133e-28 1.00974195868e-28 4.73316543133e-28 0.001 2.71050543121e-20 1.51461293802e-28 -2.82806507991e-20 0.001|
|384|308.259996257|-3.87598271006 45.4485984846 -28.9541948771|10.1631736367 -15.9759693127 11.6670974727 -15.9759693127 25.4840408968 -18.5935109807 11.6670974727 -18.5935109807 13.7931258869|
|385|314.905321634|-5.21495170072 49.0630469793 -13.8788633867|4.60991951806 0.642059935492 1.23987216309 0.642059935492 0.286277228237 0.688267526494 1.23987216309 0.688267526494 2.77954478439|
|386|69.1702059479|7.70726538964 39.2395377029 -16.4050713026|0.196129659879 0.0431499613651 -0.364124993192 0.0431499613651 0.0433181704076 -0.137166935712 -0.364124993192 -0.137166935712 0.778381690907|
|387|180.31797258|11.3833914588 45.7351520761 5.46778262851|3.6574306473 -6.90160651042 -2.47840824497 -6.90160651042 14.3302311942 3.19736728558 -2.47840824497 3.19736728558 3.6083664819|
|388|23.0567304233|21.0191688538 56.8094177246 -6.51803064346|0.001 3.34477023814e-28 -1.51461293802e-28 3.28166136572e-28 0.001 0.0 -5.04870979341e-29 -1.17249685331e-21 0.001|
|389|23.0462150639|15.6889410019 41.4255180359 -4.92632770538|0.001 0.0 0.0 0.0 0.001 0.0 0.0 -3.53531422346e-22 0.001|
|390|46.1127538061|-7.68725687597 47.9647056614 -19.1770818883|0.0297469442054 0.0763275441343 0.0177925265886 0.0763275441343 0.203673410313 0.0472444310726 0.0177925265886 0.0472444310726 0.012014587766|
