#|num|weight|mean|covariance matrix|
|0|646.872346475|-24.2062045635 57.2650745472 27.2180089633|9.81162974632 -4.69970110846 -0.545278949219 -4.69970110846 2.82876508549 1.31949958106 -0.545278949219 1.31949958106 3.77232993947|
|1|2.35992425124e-05|-9.44799517364 33.684986071 15.358353595|0.000997373769631 -3.15024920456e-07 -6.75566708402e-08 -3.15024920456e-07 0.000999845008301 5.38430126838e-07 -6.75566708402e-08 5.38430126838e-07 0.000997449709164|
|2|0.818968567393|-21.3768444061 41.5270652771 9.3017950058|0.001 -4.37652861049e-22 -1.29246970711e-26 -4.37656092223e-22 0.000999999999999 2.71050543121e-20 0.0 2.71853467859e-20 0.000999999999999|
|3|40.8441426942|-11.4934485202 39.6407780665 28.32555137|1.79617758093 -0.58041453639 -1.34478727719 -0.58041453639 0.308940996799 0.571381710634 -1.34478727719 0.571381710634 1.16349659214|
|4|163.18089618|-13.6137694511 38.3484104925 -4.44058901793|6.49146593749 -1.94592319285 -1.13392549755 -1.94592319285 6.44138867103 0.874103127768 -1.13392549755 0.874103127768 0.295222944389|
|5|98.3384276374|1.39734228888 54.0039718276 18.6024790602|31.8945596526 12.6245369539 -9.43125864805 12.6245369539 5.26320476462 -3.76717283235 -9.43125864805 -3.76717283235 2.82626062747|
|6|13.7400357536|-17.6901569366 48.4049491882 7.34417438507|0.001 -3.02922587605e-28 -5.04870979341e-29 -3.02922587605e-28 0.001 0.0 -5.04870979341e-29 7.88287727866e-22 0.001|
|7|27.4820058383|-28.7710832037 42.9183813112 27.6705135487|0.00562300439445 0.111205017835 -0.110220489376 0.111205017835 2.67685423609 -2.65214520524 -0.110220489376 -2.65214520524 2.62964668463|
|8|27.4801074497|-33.1588059005 39.3110619018 -0.804906276969|0.0167927062951 -0.0126761931298 -0.00105179227729 -0.0126761931298 0.0111712962585 0.000844140952337 -0.00105179227729 0.000844140952337 0.00106772266199|
|9|13.7400614192|-10.8766393661 57.6963043213 4.49767971039|0.001 -7.39951529097e-28 1.26217744835e-29 -3.35265884719e-28 0.001 0.0 3.78653234506e-29 2.18652195781e-22 0.001|
|10|27.4798082678|-13.1383878626 38.7556058809 30.4494722404|0.103121266232 0.10989085378 0.00927334679672 0.10989085378 0.119242662205 0.00997841843696 0.00927334679672 0.00997841843696 0.00183728446438|
|11|41.92607235|3.34997600401 39.8543931871 10.0745474003|4.45413173073 1.06545946793 5.13509208147 1.06545946793 1.94194460438 0.189402214361 5.13509208147 0.189402214361 6.56321687742|
|12|27.4794968258|-9.46633799375 38.9615369146 15.3467488499|3.25593142767 -0.934719419323 0.365584915417 -0.934719419323 0.269346634797 -0.10498374971 0.365584915417 -0.10498374971 0.0419894395346|
|13|51.9886612352|-14.4578892497 49.2898294087 4.6530781584|17.0734322032 -9.11658612176 -19.1781218464 -9.11658612176 5.55353808762 10.5019026526 -19.1781218464 10.5019026526 21.6442282168|
|14|13.7400614195|-26.1459598541 39.5759658813 3.1847076416|0.001 -6.37399611419e-28 -2.01948391737e-28 -6.31088724177e-28 0.001 -1.35525271561e-20 -3.02922587605e-28 -8.321282964e-21 0.001|
|15|218.619415978|7.2416691636 43.1078251036 28.6378429522|9.30427876768 -1.73153157779 7.19887647045 -1.73153157779 0.604596248947 -1.62408878724 7.19887647045 -1.62408878724 7.66487399987|
|16|27.4799460355|0.562199155873 37.0596097557 17.8597859714|1.58582049994 -10.5459908466 4.85333969177 -10.5459908466 70.1779451374 -32.2959275431 4.85333969177 -32.2959275431 14.8638137561|
|17|13.7397014181|-18.0779457092 31.8442420959 14.2066450119|0.001 2.78010927194e-14 -4.48876172069e-15 2.78010927194e-14 0.000984379707588 1.08420217249e-19 -4.48876172069e-15 1.0813754709e-19 0.000984379707588|
|18|139.97393393|-1.48837040257 47.9681811405 6.96761508057|14.0612235958 3.6971337291 4.89598595976 3.6971337291 10.878771191 3.17187395064 4.89598595976 3.17187395064 2.09136018057|
|19|54.8837216375|-13.3314540744 50.4993311556 -2.90198088209|0.999097490671 0.388172481416 -0.661120212296 0.388172481416 0.169513029921 -0.22154010653 -0.661120212296 -0.22154010653 1.48527269786|
|20|188.146629648|-17.3509835585 36.3404474845 16.4583862431|1.8429306653 0.0927307365463 -2.07894508341 0.0927307365463 23.7632462476 31.7432094719 -2.07894508341 31.7432094719 45.0484692463|
|21|137.45347327|-19.5355667115 46.1637957161 17.1044495115|4.89062146092 1.71752442468 5.26112759693 1.71752442468 0.903288970291 1.59511400744 5.26112759693 1.59511400744 6.15053488274|
|22|80.9027323485|-4.01310664634 45.5247105623 22.3995476078|2.98486728285 3.51230023966 -2.50920628413 3.51230023966 6.13555850953 -3.59778864122 -2.50920628413 -3.59778864122 2.32268376988|
|23|13.7400613929|-30.6106109619 46.8080215454 2.44881606102|0.001 -1.44834862199e-27 5.04870979341e-29 -6.40555055039e-28 0.001 0.0 5.04870979341e-29 7.30400063321e-22 0.001|
|24|363.947607168|10.2835023244 33.9336807381 26.924087224|21.8149116087 10.9266633268 11.2726989069 10.9266633268 5.54464854923 5.84989682925 11.2726989069 5.84989682925 7.60635843535|
|25|27.480122839|-7.30672717095 36.0110054016 26.6537284851|3.76595981344 0.623971832593 -0.620851014731 0.623971832593 0.104396914213 -0.102894166313 -0.620851014731 -0.102894166313 0.103365188403|
|26|27.4684590433|-8.95766305617 51.2138326734 18.2549720283|0.926529507034 0.825588485316 2.41640272475 0.825588485316 0.737447589263 2.15548421051 2.41640272475 2.15548421051 6.30984832099|
|27|144.384783421|-9.12618691736 54.074271298 11.922367504|0.632173040301 0.806036163832 1.24801165168 0.806036163832 3.12295200727 -1.3709467019 1.24801165168 -1.3709467019 7.70117169833|
|28|235.046665622|-5.25212567918 42.1996935819 -0.0861828185906|0.689581404703 0.867578668802 1.45472390344 0.867578668802 2.94176111551 3.55867273711 1.45472390344 3.55867273711 6.37163887643|
|29|13.7319228005|-14.3409128189 35.5939674377 6.83869218826|0.001 -1.30013104823e-14 -5.37337286882e-16 -1.30013104823e-14 0.000995953654162 -4.06575814682e-20 -5.37337286882e-16 -9.38261207928e-21 0.000995953654162|
|30|161.938532596|-34.1571420907 34.1513682998 10.2958798388|4.76387210176 -2.31927502161 1.30091940268 -2.31927502161 1.37226082881 -0.333978109554 1.30091940268 -0.333978109554 1.14435648384|
|31|13.7400242869|-23.0543346405 45.159286499 3.08673667908|0.001 9.56099417128e-28 0.0 9.56099417128e-28 0.001 1.35525271561e-20 0.0 -1.30891906028e-20 0.001|
|32|40.9418135898|-25.2230137055 44.0276645466 22.7786446975|2.23642403945 2.73299504509 -0.324509055915 2.73299504509 3.34418106396 -0.414242881917 -0.324509055915 -0.414242881917 0.212519711558|
|33|1.20008913805|-25.9840512984 40.0664773074 -0.987544254868|0.21389219716 -0.119380752189 -0.058000305986 -0.119380752189 0.0679435700093 0.0325240672312 -0.058000305986 0.0325240672312 0.0168015902089|
|34|63.6662462545|-5.57152046672 27.9729725185 16.6195554165|13.0783721995 10.5849892149 -15.6730269277 10.5849892149 8.57504083307 -12.7213437682 -15.6730269277 -12.7213437682 18.9878172284|
|35|67.0175865445|-14.6823856385 46.4138061299 25.8794040327|16.8067678221 2.63161529919 -3.7342500194 2.63161529919 0.457858174239 -0.598331076633 -3.7342500194 -0.598331076633 0.842146529776|
|36|289.376992174|3.82104685095 61.5522146495 10.4247135632|5.40321414301 4.30368310618 7.29802306536 4.30368310618 5.00298974349 6.01145697052 7.29802306536 6.01145697052 11.375763442|
|37|54.9602447169|-16.1500529957 41.3359012851 15.4756853931|3.57915780541 3.05162443464 4.46823553055 3.05162443464 2.60476626714 3.80727906 4.46823553055 3.80727906 5.59531051322|
|38|144.253823004|-10.2370926289 35.9513993057 -4.89158978762|17.8777567906 -14.9914477945 5.85489128032 -14.9914477945 13.2162597457 -5.27273872284 5.85489128032 -5.27273872284 2.63696383325|
|39|244.09988979|-26.9282598968 37.3030863058 15.4538245822|1.57829611576 -0.112130173813 2.34260823483 -0.112130173813 0.444580982052 -0.552904650562 2.34260823483 -0.552904650562 4.02700608769|
|40|0.0121911857147|-5.20174121855 35.4983749389 17.1333274841|0.001 -4.70983734083e-13 2.64697796017e-23 -4.70983734414e-13 0.000999999071183 -5.42101086243e-20 -7.94093388051e-23 -4.59399827094e-20 0.000999999071183|
|41|207.310060225|-21.9673220877 40.0720165102 -7.13451313619|2.77284172041 -4.76585212633 -0.477412988742 -4.76585212633 9.08276548217 0.909644124595 -0.477412988742 0.909644124595 0.649041146288|
|42|27.4801220187|-2.99875248596 37.9353065473 14.9523210596|0.126591837366 0.0286850492987 -0.0944507002154 0.0286850492987 0.00753455954282 -0.0215680828986 -0.0944507002154 -0.0215680828986 0.0720085284102|
|43|377.430074683|-24.5516983631 60.4096483954 7.23113781644|1.02411224117 -0.410858578335 -2.78937747499 -0.410858578335 2.29912144095 -1.10767079675 -2.78937747499 -1.10767079675 13.7283214787|
|44|27.4799126044|-11.2377510195 40.0182454579 6.1285558768|0.00101185919336 -0.00159897133015 -0.000783420251299 -0.00159897133015 0.216588804073 0.105628307325 -0.000783420251299 0.105628307325 0.0527528698036|
|45|96.0858458126|-9.70128419147 39.9971555451 5.23414229147|0.156971759287 -0.271584963734 -0.493154704772 -0.271584963734 0.880189886297 1.72840345722 -0.493154704772 1.72840345722 3.54837608981|
|46|13.7400525283|-33.8903770447 45.5924606323 9.48574066162|0.001 -1.86673520048e-14 -1.54302357338e-15 -1.86673520048e-14 0.000995953654162 -2.71050543121e-20 -1.54302357338e-15 -6.82479475572e-20 0.000995953654162|
|47|51.5502557519|-12.1137876798 38.7768284551 15.1690492319|0.242193251606 0.466191002949 -0.377049343013 0.466191002949 2.69023318094 -2.21770505035 -0.377049343013 -2.21770505035 1.84415255253|
|48|165.352013114|-28.4503082512 49.3493095465 1.00689809766|0.947416824252 -0.412349726929 -0.907342704728 -0.412349726929 4.34658636418 3.13496216088 -0.907342704728 3.13496216088 2.833375696|
|49|41.1949697144|-10.6173757567 54.0007452411 6.97728375676|0.0165875047365 0.196400764554 0.121444944991 0.196400764554 2.69403955243 1.64947600818 0.121444944991 1.64947600818 1.01234408714|
|50|191.455202616|-24.5822214529 34.4761004345 24.6740930974|38.3688702657 -24.3921135257 29.3053490453 -24.3921135257 15.6989431762 -18.7170446561 29.3053490453 -18.7170446561 22.536625246|
|51|13.7400346192|-14.6987123489 56.4315032959 -2.22980690002|0.001 1.4199496294e-29 0.0 -3.89302856727e-28 0.001 6.77626357803e-21 -1.26217744835e-29 -6.97696714281e-21 0.001|
|52|62.3792335311|-1.76983263346 51.431330493 11.7422854164|18.1313256735 18.5144879752 -22.6460594467 18.5144879752 25.2194213462 -27.8831237802 -22.6460594467 -27.8831237802 31.8732819878|
|53|76.704589668|8.42990510727 41.4025187753 17.8561679088|9.75648204603 -6.74007973457 -5.15592867621 -6.74007973457 4.71008965276 3.38305407636 -5.15592867621 3.38305407636 3.35377175772|
|54|0.00536536883243|-21.376844406 41.5270652769 9.30179500575|0.000999999663546 1.96367219864e-08 -5.08219768353e-21 1.96367219864e-08 0.00099885392532 1.08420217249e-19 -4.6586812099e-21 1.08870203502e-19 0.000998853588867|
|55|161.582111772|-27.1301309894 42.4819104102 13.7502618276|2.05418277989 -6.00491098605 2.87289419983 -6.00491098605 22.8589089851 -9.1139416125 2.87289419983 -9.1139416125 4.14680438241|
|56|167.228870859|-12.1065551665 52.9511039828 30.6460830554|20.9632701104 14.5050865518 4.31145663557 14.5050865518 12.5077119144 2.19493194918 4.31145663557 2.19493194918 1.15537885791|
|57|522.139989076|-18.0893351785 20.9284286718 1.47916561102|4.95233081056 1.52979933359 -2.29447302333 1.52979933359 2.13607311992 -1.46377304699 -2.29447302333 -1.46377304699 3.27694010157|
|58|27.4748817219|-11.1644966872 38.1754807022 9.1584756355|0.00531741474781 -0.0061499279302 0.00687667876376 -0.0061499279302 0.00979448319153 -0.00982409597313 0.00687667876376 -0.00982409597313 0.0119987096877|
|59|41.2201825499|1.81127733772 34.4536462829 22.931599879|7.94009676144 5.03487784919 4.20399345202 5.03487784919 3.20760934281 2.76668777841 4.20399345202 2.76668777841 2.97345348027|
|60|27.4770047954|-4.15058449933 35.0143260067 18.125879535|0.0030206303671 0.00387463374995 0.00219062401615 0.00387463374995 0.00847545570675 0.00422218744375 0.00219062401615 0.00422218744375 0.00339774926243|
|61|0.000807437816427|-26.4342632284 39.6295204148 -1.39407432074|0.00100004804485 1.50629787687e-08 -2.84860485691e-10 1.50629787687e-08 0.0010000047414 9.08265655266e-10 -2.84860485691e-10 9.08265655274e-10 0.00100005275189|
|62|186.694755488|-29.6370524853 30.7856848715 9.24538742828|2.09996204402 1.26476864453 -1.34344982496 1.26476864453 0.863965851258 -0.94673886506 -1.34344982496 -0.94673886506 1.18873053641|
|63|410.23678439|-19.0049760711 56.7700467936 6.4099474083|12.4030955893 12.7530297549 -7.86783079923 12.7530297549 13.4211428081 -8.08414883399 -7.86783079923 -8.08414883399 5.08464066261|
|64|27.4323888441|-13.1995256735 36.2084876954 16.9029102997|0.0133405087009 -0.00158000637022 0.00948944180564 -0.00158000637022 0.0011391132433 -0.00119665322422 0.00948944180564 -0.00119665322422 0.00819521115183|
|65|54.9579180326|-21.7092460266 31.7887676531 5.8038383623|0.0179366899413 -0.0192086340147 -0.0073531985969 -0.0192086340147 0.431384102653 0.186949478975 -0.0073531985969 0.186949478975 0.0830171900425|
|66|13.7400430773|-21.4835338593 34.6104240417 2.72031402588|0.001 -2.13279526526e-15 -8.86850280543e-17 -2.13279526526e-15 0.000998979135029 -2.03287907341e-20 -8.86850280542e-17 -1.91918542862e-20 0.000998979135029|
|67|118.897563091|-1.13937426918 34.1381207152 7.57254232752|24.5875318705 -5.17277950915 9.98533255224 -5.17277950915 3.08897566658 -2.81644448937 9.98533255224 -2.81644448937 4.34364801796|
|68|13.7393704244|-18.5721340179 42.7168655396 9.98197460175|0.001 9.46633086265e-28 -1.00974195868e-28 9.46633086265e-28 0.001 -2.71050543121e-20 -1.00974195868e-28 2.82278368428e-20 0.001|
|69|41.2201650944|-29.3808614529 45.5736439841 6.82285005099|1.52268664114 2.398066195 1.81387411171 2.398066195 3.88029414035 2.910877101 1.81387411171 2.910877101 2.19053369106|
|70|255.431729768|2.41497323445 31.357776528 8.53785104384|9.17045639839 1.46464188003 11.9905939288 1.46464188003 1.02613537805 1.71001604654 11.9905939288 1.71001604654 16.2700184306|
|71|41.2185674607|-22.3516152991 38.2732871209 12.6285804303|0.375146595691 0.0832299253223 0.274166904354 0.0832299253223 0.0204295131478 0.0596078441447 0.274166904354 0.0596078441447 0.203989645343|
|72|158.213381672|-3.28103260782 45.1680797415 28.2508566273|17.1324064099 -7.57328786205 -3.68968774171 -7.57328786205 10.9840596623 -1.92828427213 -3.68968774171 -1.92828427213 2.52151926912|
|73|27.4801226767|-26.4539451624 41.0658225983 27.3039722462|0.177654901588 0.215747294133 -0.137218594755 0.215747294133 0.26449053724 -0.167584031107 -0.137218594755 -0.167584031107 0.107586019279|
|74|27.4801141091|-23.2673357658 41.8438667967 11.4656549601|0.0793390798635 -1.07155456417 -0.420040032864 -1.07155456417 14.6586328274 5.74567780321 -0.420040032864 5.74567780321 2.25326131411|
|75|27.4793570896|-21.5292406766 41.4496819065 14.7520186592|1.61124748922 -0.679846619019 2.94340505537 -0.679846619019 0.288031183069 -1.24270577768 2.94340505537 -1.24270577768 5.38131134121|
|76|41.1813918717|12.2920081165 37.2851415836 23.4146956642|0.201854346883 -0.00969499748469 -0.0606536372984 -0.00969499748469 0.0205442927082 -0.0161864080343 -0.0606536372984 -0.0161864080343 0.0384679972101|
|77|13.7399107336|-32.9614257812 32.1222496033 14.393825531|0.001 -3.02922587605e-28 -1.00974195868e-28 -3.02922587605e-28 0.001 0.0 -1.00974195868e-28 3.70649024636e-21 0.001|
|78|13.7400614195|-9.36922264099 36.1407089233 27.2289733887|0.001 -1.00974195868e-28 -3.02922587605e-28 -1.00974195868e-28 0.001 0.0 -3.02922587605e-28 8.52578468207e-22 0.001|
|79|27.4617586772|-22.7367228939 44.0985058548 3.2242107781|0.00180225690566 0.0133769576618 -0.0118807528584 0.0133769576618 0.224086632333 -0.198134938031 -0.0118807528584 -0.198134938031 0.176974039703|
|80|235.911436452|-7.43700397114 59.7594428165 20.8887715531|11.9150131381 -3.90567023656 -13.647174072 -3.90567023656 1.91441540853 4.4574857803 -13.647174072 4.4574857803 15.895761316|
|81|111.468359413|-1.85082046303 50.0920003687 12.0832023062|0.745962361475 -0.381151750295 -0.478077310466 -0.381151750295 6.22313011692 -5.36339087422 -0.478077310466 -5.36339087422 5.53292267203|
|82|54.9599810629|-21.7121512032 28.7043037326 11.1093127185|0.228758937011 -0.267290963437 0.345505435445 -0.267290963437 0.447269814784 -0.538656206433 0.345505435445 -0.538656206433 0.748194048819|
|83|0.00212828208307|-21.3768444058 41.5270652765 9.30179500566|0.00099956431802 4.26582329951e-06 -1.93126524016e-07 4.26582329951e-06 0.000958146227345 -1.96842749313e-08 -1.93126524016e-07 -1.96842749313e-08 0.000957712327697|
|84|366.129067683|-9.86402619254 28.9375187255 -0.680344077503|9.4497193825 2.12827968254 -3.50301160031 2.12827968254 2.75476128225 2.87850528911 -3.50301160031 2.87850528911 8.41994250398|
|85|13.7400613418|-8.88608646393 55.7867355347 5.70778989792|0.001 -2.01948391737e-28 -1.26217744835e-29 2.01948391737e-28 0.001 0.0 -2.52435489671e-29 1.84756919372e-22 0.001|
|86|12.5386828061|-15.209561348 30.0568809509 13.1637430191|0.001 7.57306469012e-29 -5.04870979341e-29 7.57306469012e-29 0.001 0.0 -2.01948391737e-28 1.06024551553e-21 0.001|
|87|13.740060988|-15.1834011078 38.2596054077 3.66877913475|0.001 4.2688558756e-16 -8.88889978875e-18 4.2688558756e-16 0.00099974419644 4.06575814682e-20 -8.88889978876e-18 2.73043834151e-20 0.00099974419644|
|88|233.385775781|-16.6386533886 34.5375170843 21.5333337779|0.394836113611 -0.801159469505 -0.882626614885 -0.801159469505 2.16276703085 2.21586824935 -0.882626614885 2.21586824935 2.4133183792|
|89|459.401875419|-32.8245462516 49.9019970581 8.56753585433|5.13336075112 10.132621415 1.80903784395 10.132621415 22.118167803 4.30817748936 1.80903784395 4.30817748936 1.28629343348|
|90|13.7399991754|-29.1676197052 43.1252937317 -5.46114873886|0.00100541433123 -5.44149817057e-07 2.45595851575e-07 -5.44149817057e-07 0.00100098211067 2.03014344301e-06 2.45595851575e-07 2.03014344301e-06 0.00100456387731|
|91|13.7400614144|-0.408233910799 29.8279151917 14.4368362427|0.001 -8.67746995743e-30 0.0 -1.57772181044e-30 0.001 -5.42101086243e-20 1.57772181044e-30 5.4210666175e-20 0.001|
|92|13.740047698|-0.249928981066 47.6130561829 16.1157913208|0.001 -2.36658271566e-30 1.57772181044e-30 -2.36658271566e-30 0.001 -5.42101086243e-20 1.57772181044e-30 5.42104642201e-20 0.001|
|93|13.7400614195|-20.5083332062 45.5028457642 4.28887939453|0.001 -6.81928760568e-16 -1.41995808534e-17 -6.81928760568e-16 0.00099974419644 -4.06575814682e-20 -1.41995808535e-17 -3.89085372063e-20 0.00099974419644|
|94|203.535760075|-27.3802340624 50.6899778272 11.0110989286|33.2949500475 39.28509973 21.8804397738 39.28509973 47.9518880497 25.7616505507 21.8804397738 25.7616505507 14.5930943914|
|95|184.994501774|-28.3049165594 40.3570003384 20.7361720159|23.3071536913 -19.4108025275 21.9034138724 -19.4108025275 17.891369175 -18.9037349593 21.9034138724 -18.9037349593 21.1268569707|
|96|3.04980669664|-21.3768444061 41.5270652771 9.3017950058|0.001 -1.50855448627e-25 1.61558713389e-27 -1.50653500235e-25 0.001 0.0 1.61558713389e-27 2.80135331248e-20 0.001|
|97|27.4562758973|3.78525117339 40.1427039303 7.92450522649|12.7303475986 -5.42327298492 2.10203621285 -5.42327298492 2.31155763928 -0.895561707149 2.10203621285 -0.895561707149 0.348115789885|
|98|80.8559993408|-10.3644856522 50.3811587703 16.6864427733|1.69993673171 -1.21805696663 0.289148283664 -1.21805696663 1.1188695094 -0.00345517915241 0.289148283664 -0.00345517915241 0.346647257538|
|99|27.4782793203|-14.769509602 61.4061642559 10.8803596073|5.18438701334 -0.294973031925 2.23622323709 -0.294973031925 0.017788137959 -0.127257755546 2.23622323709 -0.127257755546 0.965756489485|
|100|311.176446928|10.8978414579 38.5259474218 18.598044041|5.94110781131 4.59818830491 -1.71080946766 4.59818830491 7.86358523252 -7.90856137135 -1.71080946766 -7.90856137135 10.8844024168|
|101|54.9410215451|-17.4492003283 37.7737799538 22.9082534677|0.269996016018 0.737605436867 0.152163368663 0.737605436867 2.05323398879 0.394103308855 0.152163368663 0.394103308855 0.127543781833|
|102|192.662800259|9.78116770802 38.1852483771 14.5604922231|1.9839305178 3.65043716545 2.41759082662 3.65043716545 7.38907130955 4.60504008529 2.41759082662 4.60504008529 3.03179034724|
|103|54.5372761577|-21.8582915057 59.5443539931 2.23175405018|0.359615520644 0.825607915029 1.17037533253 0.825607915029 2.4035091382 3.30213038541 1.17037533253 3.30213038541 4.55958407473|
|104|13.5605063096|-12.1812543869 40.1025772095 16.537109375|0.001 4.2914033244e-28 -5.04870979341e-29 4.54383881407e-28 0.001 -5.42101086243e-20 5.04870979341e-29 5.48926941883e-20 0.001|
|105|41.1958472237|-7.03673761509 32.9721533455 19.9296130676|0.0382455116574 0.046543732354 -0.00772757058857 0.046543732354 0.0755182579837 -0.0196040505457 -0.00772757058857 -0.0196040505457 0.00865336066478|
|106|54.8877580483|-10.2063033948 49.7541566342 14.0090018083|0.342554316218 0.175736243979 0.0472927526994 0.175736243979 0.115757668544 0.0452825169331 0.0472927526994 0.0452825169331 0.0295712713778|
|107|27.4801208618|-20.009614095 40.3963833385 15.7591733878|2.08812377091 -1.06699706386 0.170669933167 -1.06699706386 0.546469033725 -0.0872510623645 0.170669933167 -0.0872510623645 0.0149475365083|
|108|156.829556012|-13.7980443709 60.6393420796 8.38043212277|5.63985699537 0.623478725126 -3.37241476724 0.623478725126 1.42539854457 -3.36747092671 -3.37241476724 -3.36747092671 9.07281964329|
|109|143.221793469|-12.7728620896 34.8785512992 30.2749125472|1.0568458236 -0.344074286367 2.0119475088 -0.344074286367 1.75778494343 -2.05593893151 2.0119475088 -2.05593893151 5.85408307237|
|110|27.4797187495|4.37535542369 28.8712073728 15.9107849045|1.02835610381 -3.73319419014 1.57105252481 -3.73319419014 13.5663956177 -5.70877578434 1.57105252481 -5.70877578434 2.40342558447|
|111|13.128026043|-10.4739122391 37.1067848206 17.888879776|0.001 3.28166136572e-28 1.00974195868e-28 1.26217744835e-28 0.001 0.0 0.0 6.44546374322e-22 0.001|
|112|27.4800921313|-25.6469517473 39.077650171 -4.64708000161|0.0125580404795 -0.0206613170126 0.00288631201028 -0.0206613170126 0.0360733636103 -0.0049429346448 0.00288631201028 -0.0049429346448 0.0012167196495|
|113|109.856977064|-21.49239678 51.6134611774 0.781225484143|0.183230268034 -0.0527309185599 -1.18608017538 -0.0527309185599 0.071948316739 0.358219421293 -1.18608017538 0.358219421293 12.1182590062|
|114|0.547287890842|-9.44799518585 33.6849861145 15.3583536148|0.001 -2.84924946933e-22 2.58493941423e-26 -2.8493787163e-22 0.000999999999999 5.42101086243e-20 -2.58493941423e-26 1.51009199153e-20 0.000999999999999|
|115|366.980275519|-2.88140393397 26.9905113775 27.6826694757|5.95023226602 3.70739742236 1.14670517929 3.70739742236 2.50385040215 0.754986589057 1.14670517929 0.754986589057 2.9801397213|
|116|195.611342862|8.58953346542 35.1551121916 19.3601455108|75.6793448935 37.6197012382 110.197015236 37.6197012382 19.2028499669 55.5042388073 110.197015236 55.5042388073 161.90074408|
|117|4.89337148516|-29.3606962704 41.8490896854 -0.376308191675|0.0115949640714 0.0178337916255 0.011070535789 0.0178337916255 0.0307449844389 0.0185012376705 0.011070535789 0.0185012376705 0.0124018463596|
|118|233.685557734|-16.0679726036 53.9727927994 -4.7074782831|3.91591663945 -8.93187319926 -1.69999368738 -8.93187319926 23.189423756 4.56685424048 -1.69999368738 4.56685424048 0.996873235039|
|119|27.4801038075|-3.9709960822 49.2254198601 14.8569833617|0.0144694021621 0.0310082513072 -0.0397164345336 0.0310082513072 0.0723848794148 -0.0914322082171 -0.0397164345336 -0.0914322082171 0.118109516301|
|120|13.7390614501|-7.71990216855 36.0992097268 18.6872263646|0.00102864758522 6.96038575692e-06 -2.85966943342e-06 6.96038575692e-06 0.00100710804868 1.0102591039e-05 -2.85966943342e-06 1.0102591039e-05 0.00102631614465|
|121|13.7400613904|-17.21900177 39.0792999268 16.4487438202|0.001 3.32298652679e-14 -5.36529080722e-15 3.32298652679e-14 0.000984379707588 1.08420217249e-19 -5.36529080722e-15 1.07952254315e-19 0.000984379707588|
|122|221.047588538|-20.4598361304 33.2412057675 -1.75554828541|1.82048297635 -0.201380007091 3.22830092055 -0.201380007091 0.204922832759 0.143844633494 3.22830092055 0.143844633494 10.0750916339|
|123|119.43165408|9.63395724183 46.5382578707 10.3076410751|36.0350170917 -15.2437506183 13.2914182753 -15.2437506183 6.70225365077 -5.45541516073 13.2914182753 -5.45541516073 5.04556887782|
|124|41.2202912815|-28.731844977 36.3800174111 25.2490728566|0.509284407131 -0.741794643135 -0.00070688562655 -0.741794643135 3.05708184751 0.517381319679 -0.00070688562655 0.517381319679 0.136099525372|
|125|13.7400612979|16.3233356476 43.4934272766 18.2306289673|0.001 -9.0829892516e-15 7.50790285008e-16 -9.0829892516e-15 0.000995953654162 1.08420217249e-19 7.50790285008e-16 1.0985242886e-19 0.000995953654162|
|126|221.16177883|-17.4554085586 32.2131499375 8.51719837741|2.30037419491 -0.530986940158 -0.755678409214 -0.530986940158 0.199868381367 0.559571052117 -0.755678409214 0.559571052117 3.41921948474|
|127|197.259675947|-6.7904704801 28.02028696 23.0134080536|7.44489841987 1.35567048708 -4.94234905363 1.35567048708 0.551667139361 -1.10762941947 -4.94234905363 -1.10762941947 4.15426881286|
|128|137.800629465|-19.8985160589 45.1016621498 8.13315376936|0.377991519024 -0.785506310146 0.527745371986 -0.785506310146 10.3339070928 2.94812785806 0.527745371986 2.94812785806 2.6921196951|
|129|252.958929583|-37.5678821182 40.0775750405 6.48993494836|1.85681619945 1.07357345565 5.1553077128 1.07357345565 1.61815349268 5.76945451199 5.1553077128 5.76945451199 22.9361734635|
|130|100.135348176|-17.5211287998 24.0550077068 8.91026104526|2.09683867699 2.55664863645 0.231101937151 2.55664863645 10.2011854657 7.58134990373 0.231101937151 7.58134990373 7.62440632479|
|131|67.87313929|-3.99950874632 38.2948140705 3.90354326035|2.10201329132 0.0481264124836 -0.788078018726 0.0481264124836 0.138867545729 0.14764787717 -0.788078018726 0.14764787717 0.497617031819|
|132|150.831259307|-30.2535220139 37.2657751628 -1.35531495979|24.6581533186 -2.67719656907 -5.28776242312 -2.67719656907 0.867166180504 0.183235897079 -5.28776242312 0.183235897079 1.5062183898|
|133|271.864640179|0.194962152569 52.04861918 4.86692269225|4.55164060535 -3.14001703718 -2.25277834559 -3.14001703718 2.65824258678 2.26182852998 -2.25277834559 2.26182852998 2.51529691704|
|134|137.063561667|5.85021969864 27.5302398606 17.1839548171|0.73266180252 2.10640732309 0.421229529298 2.10640732309 8.01025469303 1.73674277734 0.421229529298 1.73674277734 0.406366932483|
|135|40.5303020089|-10.7910358501 33.2089744154 18.4161350227|2.51674178059 -2.96868873681 1.33173416707 -2.96868873681 3.65527643286 -1.68555656302 1.33173416707 -1.68555656302 0.792058419458|
|136|13.7400430612|-22.3173999786 32.452835083 4.02239465714|0.001 -5.49047190034e-28 -2.52435489671e-29 -1.45150406561e-28 0.001 0.0 -2.52435489671e-29 3.83646613278e-22 0.001|
|137|13.1925653448|-9.44799518585 33.6849861145 15.3583536148|0.001 2.01948391737e-28 0.0 2.01948391737e-28 0.001 0.0 0.0 3.20472186444e-22 0.001|
|138|0.0174171996261|-21.3768444061 41.527065277 9.30179500578|0.000999999989271 -6.57472403027e-09 -5.43470915843e-10 -6.57472403027e-09 0.000995943310111 8.8080955832e-13 -5.43470915843e-10 8.80809556882e-13 0.000995943299528|
|139|84.2558331166|-33.6023209144 32.0456553872 14.1555307221|8.75456312195 11.0789532536 -13.8347069232 11.0789532536 14.725742452 -17.3536393169 -13.8347069232 -17.3536393169 21.916238367|
|140|27.4801217129|-5.28147934748 36.9074878607 26.6722535937|0.0759983376766 -0.0572588430801 -0.100645050222 -0.0572588430801 0.0447149656386 0.0768391199487 -0.100645050222 0.0768391199487 0.136061510213|
|141|41.1642737646|-29.1896509153 43.0384786312 -4.82506157324|0.0207685179798 -0.0101852549864 -0.0012083651664 -0.0101852549864 0.0107728418318 0.0228278670589 -0.0012083651664 0.0228278670589 0.110037439811|
|142|173.079364963|-29.4737131194 53.9573506706 9.56919924157|2.23976087257 -1.78561603341 -3.73177547229 -1.78561603341 1.80893129418 2.80469022183 -3.73177547229 2.80469022183 6.68914183692|
|143|260.588717501|-15.4675498745 38.8314000276 26.8866972915|28.236146807 -4.49727581323 -12.2983203087 -4.49727581323 0.848806140287 2.14536692204 -12.2983203087 2.14536692204 6.06003854999|
|144|41.220184258|-12.9727052053 45.3010508219 17.5592441559|0.0759017025292 -0.100976055501 -0.106920611562 -0.100976055501 0.297858678828 0.191340264422 -0.106920611562 0.191340264422 0.16748701979|
|145|27.4801228035|-10.649769307 44.5378723124 8.86682033448|0.650943943654 1.19869111533 0.498240133811 1.19869111533 2.2110918002 0.918686336056 0.498240133811 0.918686336056 0.382691075834|
|146|41.1032954482|-7.50996677939 50.0661807577 12.1948094123|2.88089049183 -0.304205502456 -1.72306702612 -0.304205502456 0.0508255845308 0.156728099528 -1.72306702612 0.156728099528 1.06805342913|
|147|67.7527229435|6.1910257965 52.3357242891 12.7569517653|3.74795434399 -3.34628663054 6.13259887478 -3.34628663054 3.72619514433 -5.71331693267 6.13259887478 -5.71331693267 10.2016856534|
|148|138.462866942|-8.33475998974 48.3425670505 24.068706318|8.27496130705 4.7445186026 0.203691079262 4.7445186026 2.84038890471 0.362521712551 0.203691079262 0.362521712551 0.668070081066|
|149|13.7400602977|16.4692382812 33.7391777039 29.8985080719|0.001 1.00974195868e-28 1.00974195868e-28 1.00974195868e-28 0.001 0.0 -2.01948391737e-28 2.72718659377e-21 0.001|
|150|240.828777311|-0.964263191164 54.4500788705 24.7415610301|39.5775892738 -9.99070537687 -26.2580177595 -9.99070537687 2.76606116667 6.80035098742 -26.2580177595 6.80035098742 20.0242860354|
|151|459.90288014|-31.8390521066 31.5989609626 10.9833210698|21.1479036377 -21.6957478102 -12.8260559268 -21.6957478102 29.3681420198 3.60168187205 -12.8260559268 3.60168187205 21.4465444846|
|152|13.7400487073|-28.9297580719 47.0220336914 8.76852989197|0.001 -6.31088724177e-29 0.0 -6.31088724177e-29 0.001 0.0 0.0 2.45929079668e-21 0.001|
|153|13.7400416407|-25.8517017365 40.1258544922 -1.19671773911|0.001 -7.16680132393e-28 -1.26217744835e-29 -7.16680132393e-28 0.001 0.0 -1.26217744835e-29 -2.42874817183e-22 0.001|
|154|195.139229427|-20.9671854891 58.5320907236 4.65419481757|8.11829741054 6.55698493632 9.4401590192 6.55698493632 9.35169009991 13.0293074313 9.4401590192 13.0293074313 18.2959467842|
|155|27.4713550416|-27.2839351431 55.393966513 8.50367266582|0.632251971198 -1.69131908523 -1.19072853552 -1.69131908523 4.53210492657 3.19003323778 -1.19072853552 3.19003323778 2.24679597799|
|156|68.7005738386|-24.2033221747 38.8761924498 15.5653524986|1.47241151119 2.09536604817 1.08753974669 2.09536604817 3.14119938083 1.59532346477 1.08753974669 1.59532346477 0.856094557017|
|157|27.4793733269|-16.9767520957 44.0977239041 2.97342154387|0.0107758974954 -0.00327705102005 -0.0356078268754 -0.00327705102005 0.00209852454908 0.0119363634325 -0.0356078268754 0.0119363634325 0.130698304978|
|158|13.7400614181|-13.7532444 36.3860435486 8.38586044312|0.001 3.59720572781e-28 5.04870979341e-29 -4.41762106924e-29 0.001 0.0 5.04870979341e-29 4.15217339858e-22 0.001|
|159|13.7387707912|-9.10032463074 33.7534370422 14.5106239319|0.001 1.26217744835e-28 -2.52435489671e-29 -8.83524213848e-29 0.001 0.0 0.0 3.01644825278e-22 0.001|
|160|93.0048722457|-22.783938422 52.8988287501 -3.32334706155|36.9685937947 -1.60544094379 20.3451815571 -1.60544094379 0.17028774234 -0.921921574948 20.3451815571 -0.921921574948 11.3057454693|
|161|148.265251586|2.93721450398 24.9047685446 15.1885797608|5.18682274904 -1.18848968349 -3.81769175327 -1.18848968349 0.526633465272 0.2843837789 -3.81769175327 0.2843837789 5.65072558575|
|162|41.2201832423|-24.1772638828 43.2091458486 9.83452416524|0.583871166083 -0.871233992633 0.925964741768 -0.871233992633 1.32185066762 -1.43053676032 0.925964741768 -1.43053676032 1.58816410231|
|163|215.577160571|1.43832517011 58.1283521474 18.9908636021|1.97165332291 3.88825435908 -2.75088762356 3.88825435908 12.2883971468 -11.5869544674 -2.75088762356 -11.5869544674 12.1242948526|
|164|52.0717904682|-30.3269366237 47.5843387923 7.23034577197|4.34053291547 7.13559325829 5.03318846513 7.13559325829 11.8519374098 8.11120457995 5.03318846513 8.11120457995 6.08792677284|
|165|165.004889212|-5.4641287618 60.5959593349 22.3522227432|6.64991394598 -5.29535401002 -3.44240502727 -5.29535401002 4.56481500727 3.22502301783 -3.44240502727 3.22502301783 3.13584111605|
|166|111.048183259|4.95288941793 41.0418237819 6.84284491539|2.01578568653 2.4336638525 2.50642880317 2.4336638525 6.08295372601 4.93224423199 2.50642880317 4.93224423199 4.4078748361|
|167|0.043796399649|-29.3645653907 41.8398604257 -0.382348559905|0.0131208449606 0.0197398149538 0.00930748564819 0.0197398149538 0.032344619384 0.0148777890499 0.00930748564819 0.0148777890499 0.00776084251262|
|168|483.392337284|-12.4791807778 54.3536461347 -3.76801386227|6.31860917075 -4.38926516582 -8.18282431623 -4.38926516582 4.07632534873 6.84542685134 -8.18282431623 6.84542685134 12.2582401718|
|169|77.4219949855|-2.58520224512 37.1279446226 3.33986210642|1.7361442389 -0.466809761024 4.22574217601 -0.466809761024 28.6496802831 20.0642733106 4.22574217601 20.0642733106 26.1003016413|
|170|0.474771440756|-24.3481044769 40.0985488892 6.62743663788|0.001 -1.91303346063e-11 -7.90646612917e-13 -1.91303346063e-11 0.000995953654074 3.75405002223e-18 -7.90646612917e-13 3.73739839568e-18 0.000995953654073|
|171|54.960913281|-18.151673321 39.0154334886 2.44711050518|2.74616158181 0.622097306342 1.63503243611 0.622097306342 0.143487711293 0.376739956344 1.63503243611 0.376739956344 1.00386794646|
|172|66.1287598331|-11.304275796 36.0350011463 26.583263454|8.82159267839 11.5003750748 -1.25518540167 11.5003750748 16.593872228 -1.04402637335 -1.25518540167 -1.04402637335 0.415878435411|
|173|4.75986091666e-06|-18.9224871376 41.2459828594 8.99794286683|0.000988131418108 -2.51644771356e-06 -2.28208038889e-07 -2.51644771356e-06 0.000999365248134 1.06754158858e-06 -2.28208038889e-07 1.06754158858e-06 0.000987690289547|
|174|233.872476935|-31.4987379588 31.4920141136 4.77562157095|4.89480938425 -0.704234148746 -11.9353474321 -0.704234148746 0.200864265025 1.22397159012 -11.9353474321 1.22397159012 33.8722367133|
|175|244.718757303|-24.0059140214 24.4077217997 8.66177258035|0.773733201065 -0.25511840915 -1.09253124113 -0.25511840915 1.44218091987 3.24713479304 -1.09253124113 3.24713479304 9.0292605797|
|176|1.44106398088e-09|-32.7537884432 37.6966496237 1.93251773241|0.000999557514348 -9.06803335781e-07 -2.90443868704e-08 -9.06803335781e-07 0.00100051608404 4.28774816988e-08 -2.90443868704e-08 4.28774816988e-08 0.000998943430993|
|177|13.7400614039|-5.35456037521 47.7980918884 14.4573659897|0.001 -3.27292839781e-15 -2.70536799784e-16 -3.27292839781e-15 0.000995953654162 -1.08420217249e-19 -2.70536799784e-16 -1.07923792806e-19 0.000995953654162|
|178|54.1463608566|-26.8152581592 46.3855713629 2.52095992411|0.0645085804797 0.168981545887 0.0727410280603 0.168981545887 3.6387046612 0.886149961064 0.0727410280603 0.886149961064 0.234793065207|
|179|216.992242762|-24.082573006 47.40539239 28.9999722993|0.445494020801 3.28944351958 -0.966426400562 3.28944351958 29.1050910651 -8.40084361623 -0.966426400562 -8.40084361623 2.7747500887|
|180|235.055228251|-8.09535123138 40.2579104388 29.6600520848|4.34106464804 6.77947048737 0.000523441388868 6.77947048737 15.8950253649 0.634614436381 0.000523441388868 0.634614436381 0.0959359431103|
|181|241.304193539|7.53931541481 36.7429384278 30.3702581484|0.407218436535 -1.32584606948 -1.96026945914 -1.32584606948 8.519660028 10.3542957926 -1.96026945914 10.3542957926 13.5929808751|
|182|41.2156403289|-24.2154591092 42.8500719903 -3.90969159617|0.0716231404178 -0.0328594779024 0.0681614937257 -0.0328594779024 0.0206675960406 -0.0322051719505 0.0681614937257 -0.0322051719505 0.066841052861|
|183|80.8988007787|-29.7978584755 37.5197125342 2.21090493426|0.328460902926 -0.870852047919 -1.26133591262 -0.870852047919 16.91476703 12.6917081352 -1.26133591262 12.6917081352 10.8381436281|
|184|96.1969701673|-9.31053344754 55.7274168991 20.1197941865|1.47651739196 1.2027498252 -2.68909539388 1.2027498252 1.14101897856 -2.25243834799 -2.68909539388 -2.25243834799 5.15624645127|
|185|149.956220796|-20.9294804874 32.425538172 1.68437055552|4.41206810066 5.30072240268 -8.27391887672 5.30072240268 6.64207676413 -10.0815701829 -8.27391887672 -10.0815701829 15.9616180489|
|186|228.028564413|14.1578643878 47.6809624247 12.7184448107|1.41838973323 2.06068336546 1.04337548905 2.06068336546 4.27123103194 0.323795840187 1.04337548905 0.323795840187 3.1509886712|
|187|251.03635556|-7.83268999757 32.6271594804 -1.53861276301|20.8039452691 8.82778860056 6.56122603189 8.82778860056 4.54369807699 2.34938873947 6.56122603189 2.34938873947 2.68955109183|
|188|6.97832634164e-09|-27.2543457994 27.933524879 -0.664503347769|0.000999428288645 -2.53048348073e-07 8.30201937556e-10 -2.53048348073e-07 0.000999917909911 -1.80844989667e-09 8.30201937555e-10 -1.80844989667e-09 0.000999317020938|
|189|206.086211913|6.21207406864 46.9838057394 32.3533876023|1.01443638185 -0.0245793969304 -0.216902458882 -0.0245793969304 0.421395111448 -0.238567610182 -0.216902458882 -0.238567610182 0.267500424255|
|190|329.75003629|-9.51544986394 59.1532638772 29.9532251571|3.80915313107 -0.123557917847 3.7167016957 -0.123557917847 3.25741803396 0.705300866972 3.7167016957 0.705300866972 4.74790665162|
|191|102.182533951|-14.5619592 53.6950331974 5.36229649309|4.22992503137 -5.69905084378 -0.079967995897 -5.69905084378 8.71651365375 1.86504065583 -0.079967995897 1.86504065583 3.01386222292|
|192|148.699764624|-19.5039998353 47.3757692345 20.4967039037|3.97314278649 7.60537684445 0.04614185115 7.60537684445 14.8910777646 -0.294055308474 0.04614185115 -0.294055308474 0.633333117233|
|193|54.9554328445|-13.7261639126 32.228776051 13.9384114904|0.119541342312 -0.0434901252387 0.110439874455 -0.0434901252387 0.0414241670755 -0.0163569396817 0.110439874455 -0.0163569396817 0.127809369867|
|194|13.739832597|-15.4542608261 33.3613319397 15.7269802094|0.001 2.52435489671e-29 -1.00974195868e-28 2.52435489671e-29 0.001 0.0 0.0 1.13539666885e-21 0.001|
|195|54.8878214093|-32.4674308124 38.8647113801 -1.78289263319|0.0341627302788 -0.0062502716654 -0.0117881002988 -0.0062502716654 0.00543600725624 0.0217191454866 -0.0117881002988 0.0217191454866 0.125910211896|
|196|394.086481033|-21.614987109 56.9710917504 23.007738639|2.28583334292 2.65611707894 2.09077124319 2.65611707894 4.06672120974 2.90082843343 2.09077124319 2.90082843343 2.65977761765|
|197|43.6976243175|-23.3532903611 48.0109823578 -1.14500864378|2.26196874613 0.0474873733718 0.418906622441 0.0474873733718 0.395437733285 0.458614541324 0.418906622441 0.458614541324 0.592899845992|
|198|0.000465413175706|-5.20174121823 35.4983749366 17.133327483|0.001 -7.78586574597e-19 -3.91030025142e-19 -7.51481520285e-19 0.001 2.38524477947e-18 -3.86247023948e-19 2.32934060495e-18 0.001|
|199|54.9605835625|-18.7568912015 37.5310713738 6.63294588459|8.59506483602 1.57436685518 3.52138729996 1.57436685518 0.308122530407 0.612083544735 3.52138729996 0.612083544735 1.59452245172|
|200|211.48169775|-30.6992668755 41.9575856485 16.6063106911|14.3405155717 17.3893646862 3.01169561228 17.3893646862 22.9176619249 2.66923645211 3.01169561228 2.66923645211 1.17383595339|
|201|41.217851269|-29.22593248 39.8999430113 8.73757343018|0.1101744726 0.0360771190816 0.00250377963422 0.0360771190816 0.0170200149387 0.00810530142509 0.00250377963422 0.00810530142509 0.0139821606788|
|202|41.6209822952|-33.6189616102 38.5609110805 12.0554236244|10.1804691602 -15.8766694262 -4.09978797538 -15.8766694262 26.0781386211 7.32097149689 -4.09978797538 7.32097149689 2.30539723111|
|203|13.7399121117|-24.26861763 27.2229785919 1.90378367901|0.001 -3.33912683425e-15 -6.94231091461e-17 -3.33912683425e-15 0.000998979135029 -6.77626357803e-21 -6.94231091461e-17 -4.98848779385e-21 0.000998979135029|
|204|7.5686281496|-21.3358001709 46.6607894897 4.71988964081|0.001 -9.3365184567e-15 -3.88227325309e-16 -9.3365184567e-15 0.000998979135029 -5.42101086243e-20 -3.88227325309e-16 -4.16894050387e-20 0.000998979135029|
|205|27.444257298|-3.19379901465 25.9116120314 21.6114149624|11.9091421132 -5.46202199698 4.67239388412 -5.46202199698 2.50631812703 -2.14313181107 4.67239388412 -2.14313181107 1.83430568285|
|206|27.4772463944|-23.2507620791 49.8978532334 -3.15934531665|0.0240152644382 -0.222887962129 0.242161092533 -0.222887962129 2.15952586933 -2.34517368418 0.242161092533 -2.34517368418 2.54896094853|
|207|41.0201784768|10.1044498404 31.629453319 18.5156945252|1.04098264164 -1.03820728378 0.680376242537 -1.03820728378 1.04218758196 -0.705193657783 0.680376242537 -0.705193657783 0.588121233158|
|208|54.9601907314|-15.8790499508 33.4304035389 14.8223145232|1.55159190867 -1.39376199191 2.34273534651 -1.39376199191 1.35545822062 -2.26025138021 2.34273534651 -2.26025138021 3.77891438055|
|209|532.801729515|-7.704158184 54.517169264 -1.17469674071|1.68407980697 -1.81140598211 -0.12999703081 -1.81140598211 5.73534622632 1.90867887498 -0.12999703081 1.90867887498 1.1116344769|
|210|81.6049834418|-11.0924248041 53.0623889753 13.0779990433|0.064586167377 0.0771397735722 0.0445731315191 0.0771397735722 0.140435653673 -0.00267492616366 0.0445731315191 -0.00267492616366 0.106323573401|
|211|13.2652899788|-24.3481044769 40.0985488892 6.62743663788|0.001 -1.83646818735e-27 -5.04870979341e-29 -1.02867462041e-27 0.001 0.0 -5.04870979341e-29 1.56994616332e-21 0.001|
|212|27.4800865342|-8.68759326632 30.4999722897 8.36610326208|1.65422937926 0.0843239464265 -0.16222556164 0.0843239464265 0.00527666638354 -0.00827429350258 -0.16222556164 -0.00827429350258 0.0168942133529|
|213|133.388178193|-6.29195778354 49.0996999314 13.3028401645|10.0719666431 -8.92850769161 1.22034969041 -8.92850769161 8.08226394969 -0.968336357916 1.22034969041 -0.968336357916 0.296704806064|
|214|76.9350524209|1.17444506026 54.4554988118 9.86128106795|0.92104384137 0.527987922781 -0.0789365993765 0.527987922781 25.1482395922 -24.3005590123 -0.0789365993765 -24.3005590123 23.693191818|
|215|27.4801227369|-15.8970098554 39.9348163616 16.7638158709|1.75683374848 -3.16846121029 4.53952590426 -3.16846121029 5.71662077072 -8.18943789405 4.53952590426 -8.18943789405 11.7337243351|
|216|148.281253285|-20.0107654181 47.7665197978 -3.84928361243|16.7878676576 3.38738105846 -2.75275295398 3.38738105846 0.873879368979 -0.483582829617 -2.75275295398 -0.483582829617 0.734787947947|
|217|27.2236953414|-16.7312326868 39.4836915938 15.1804008613|0.413004180991 0.103146569468 0.132540919792 0.103146569468 0.0264491808413 0.0331590030796 0.132540919792 0.0331590030796 0.0432552327567|
|218|27.4801225027|-15.686219224 42.4764423285 11.9806747568|0.495600707026 0.489324320492 -0.755067211023 0.489324320492 0.485104222302 -0.747012175096 -0.755067211023 -0.747012175096 1.15370052198|
|219|41.2201988049|-11.2605992238 43.0637564824 -1.41986540198|0.201215841242 -0.750998313964 -0.938864327272 -0.750998313964 2.81845258531 3.52940823211 -0.938864327272 3.52940823211 4.52460210334|
|220|13.7398796848|5.53402853012 43.032459259 24.7434844971|0.001 1.15816942403e-14 1.86997922316e-15 1.15816942403e-14 0.000984379707588 -2.16840434497e-19 1.86997922316e-15 -1.61923895486e-19 0.000984379707588|
|221|142.121872418|-16.4399198677 59.2604160115 8.33705082711|20.3907240758 33.2665881222 -18.3856543115 33.2665881222 54.8559934797 -30.7501063358 -18.3856543115 -30.7501063358 17.6569339015|
|222|290.820902603|0.0254660639135 31.5819965934 9.88579535837|49.6121163191 -27.8261013163 24.9037388384 -27.8261013163 15.9128601996 -14.130792577 24.9037388384 -14.130792577 12.6282606374|
|223|138.615267236|-25.9897056031 54.5472958358 14.8186096672|2.90106723031 3.33276001402 2.93310356506 3.33276001402 4.36116359519 3.59882734574 2.93310356506 3.59882734574 3.26161635636|
|224|94.5317600805|-0.310715494076 58.8043208737 4.16223847726|0.739070978551 -0.296572815131 0.267214623665 -0.296572815131 1.34201665316 -1.71189161075 0.267214623665 -1.71189161075 2.21705742942|
|225|151.260510977|-12.4400572381 26.6579636636 15.2540425408|3.43564955153 -0.527298241994 1.65789443555 -0.527298241994 0.367253160715 -0.584874870402 1.65789443555 -0.584874870402 1.51431184186|
|226|98.03592116|-3.72850697953 43.2116342252 11.5329053383|6.51639361638 7.02851378074 10.8409458716 7.02851378074 7.6458823152 11.7071952959 10.8409458716 11.7071952959 18.1136472015|
|227|41.2167850307|-0.370073723447 48.5792474217 23.213684997|1.85147375912 -2.35313964804 -0.682569521181 -2.35313964804 3.82016769048 0.320932494855 -0.682569521181 0.320932494855 0.614722491916|
|228|128.421345358|3.55330862657 37.1014214604 13.271793675|1.82625773506 -0.679239987542 5.16452335751 -0.679239987542 1.42226729101 -5.93900522664 5.16452335751 -5.93900522664 28.4866495617|
|229|378.400262749|4.76555263548 63.6264516709 11.6309764356|2.73150976237 1.67215092928 -7.40566365611 1.67215092928 2.60513355201 -5.49203037537 -7.40566365611 -5.49203037537 28.909255294|
|230|13.7399551222|-25.6524333954 41.3835067749 -2.11718869209|0.001 1.93982454539e-16 2.02039197457e-18 1.9398245454e-16 0.000999936012285 -1.35525271561e-20 2.02039197457e-18 -2.74580121719e-20 0.000999936012285|
|231|187.930683056|12.4736928271 49.5718695408 11.1545811374|2.62255993686 0.416979130545 0.424134452322 0.416979130545 0.572254737774 0.61800999585 0.424134452322 0.61800999585 1.00376264727|
|232|13.7394220249|-6.02296876907 33.9786643982 17.1505126953|0.001 -1.26217744835e-29 2.52435489671e-29 -1.26217744835e-29 0.001 0.0 -5.04870979341e-29 1.80265604875e-22 0.001|
|233|13.7400614194|-22.5018405914 47.1247673035 0.702615082264|0.001 1.27844770452e-27 6.31088724177e-30 1.27844770452e-27 0.001 0.0 6.31088724177e-30 1.15465577714e-22 0.001|
|234|68.7062561702|-3.80015638827 42.2482734061 10.6733306289|4.74283360245 -3.39422301079 8.02024292069 -3.39422301079 2.47205708473 -5.7620911349 8.02024292069 -5.7620911349 13.6238372598|
|235|110.7594525|-20.6368333295 56.9932135629 12.4921242687|4.45238640391 -7.24510337779 -0.695477160536 -7.24510337779 13.5545609074 0.899829275095 -0.695477160536 0.899829275095 0.443295893583|
|236|13.7395203895|-12.5140523911 36.3729438782 17.4330654144|0.001 5.55358077276e-28 -1.51461293802e-28 3.78653234506e-28 0.001 -5.42101086243e-20 -1.51461293802e-28 5.49311710388e-20 0.001|
|237|13.7400500127|-29.3932266235 39.9025154114 0.384791880846|0.001 1.36211637472e-17 -3.54714968619e-20 1.36211637472e-17 0.000999996000048 2.54109884176e-21 -3.54714968595e-20 3.43001497445e-21 0.000999996000048|
|238|13.739914597|-22.008228302 46.1621437073 3.61628222466|0.001 5.80601626243e-28 0.0 -2.27191940704e-28 0.001 -1.35525271561e-20 2.52435489671e-29 1.4066624052e-20 0.001|
|239|399.307154381|3.46408339548 35.1877831873 10.4872668041|21.4256195127 13.7511183305 40.5399204891 13.7511183305 9.4973272625 26.266561303 40.5399204891 26.266561303 77.0065716914|
|240|22.5429400617|-29.3641398226 41.8408755606 -0.38168417415|0.0123084175894 0.0185560705605 0.010775215956 0.0185560705605 0.0310347496401 0.0174968328995 0.010775215956 0.0174968328995 0.011029135848|
|241|13.7400614109|-13.8206453323 53.2523994446 11.8649740219|0.001 -2.52435489671e-28 0.0 -6.56332273144e-28 0.001 0.0 -1.00974195868e-28 9.60501875246e-22 0.001|
|242|27.4792794059|-12.2642110709 33.0572126982 10.8649405948|0.0208204490687 0.0611216406688 0.0248271882108 0.0611216406688 0.189289849482 0.0764877109491 0.0248271882108 0.0764877109491 0.0320494114794|
|243|41.2112103635|4.40526627676 32.1302440728 12.0202718198|0.0713098782057 -0.343358907375 0.645658822264 -0.343358907375 1.69496968915 -3.18943674102 0.645658822264 -3.18943674102 6.00708059679|
|244|13.7400614195|-10.5292987823 38.8001708984 14.612745285|0.001 2.07526587373e-14 -3.35072225695e-15 2.07526587373e-14 0.000984379707588 1.08420217249e-19 -3.35072225695e-15 8.10049423989e-20 0.000984379707588|
|245|19.9109729507|-21.0374988534 46.8587471207 5.46584694138|0.00449998841918 0.0272506396061 0.0196997952557 0.0272506396061 0.179942387466 0.129848140856 0.0196997952557 0.129848140856 0.0943132368755|
|246|9.40024916123|-21.3768444061 41.5270652771 9.3017950058|0.001 7.82550017979e-28 0.0 7.82550017979e-28 0.001 0.0 0.0 6.01396317151e-21 0.001|
|247|144.273169527|-16.0510439291 48.6420833126 24.9855715199|5.27825527128 -2.31251252832 6.69050132477 -2.31251252832 1.08191017846 -3.0515861499 6.69050132477 -3.0515861499 8.75143854402|
|248|439.974593664|5.35585304531 46.2518288087 25.5742543748|2.10416662888 -1.34075606911 1.81469129166 -1.34075606911 1.01187653408 -1.13174041351 1.81469129166 -1.13174041351 4.48000581336|
|249|13.7400614195|-22.9512500763 40.6188964844 5.2264213562|0.001 -3.66031460023e-28 5.04870979341e-29 -3.66031460023e-28 0.001 0.0 7.57306469012e-29 7.51947362026e-22 0.001|
|250|68.6926706354|-22.065887459 47.5351984732 3.84177273619|0.154946700957 0.484070435951 0.0707092440951 0.484070435951 1.8084756512 0.357457747417 0.0707092440951 0.357457747417 0.163070213369|
|251|27.4765186699|-28.9267249483 30.581977851 -1.07027003371|0.0134441370049 -0.00235177264628 0.0243549882072 -0.00235177264628 0.00144211488016 -0.00460213038519 0.0243549882072 -0.00460213038519 0.0486462334655|
|252|93.4352217982|-34.6015494486 41.9588111619 14.6912779153|10.5113468877 -0.642247352928 9.40840769523 -0.642247352928 0.0466589579317 -0.749099704733 9.40840769523 -0.749099704733 16.2431003122|
|253|7.3087196409e-05|-26.4342632183 39.6295203997 -1.39407432021|0.00100012073984 3.65517344627e-08 -7.41056549755e-10 3.65517344627e-08 0.00100001111951 2.44689580344e-09 -7.41056549753e-10 2.44689580344e-09 0.00100013176013|
|254|221.065130128|-6.81261651378 48.4070529943 21.9762928434|8.48750850632 -10.1994809141 3.65922014783 -10.1994809141 12.5082549957 -4.35574771343 3.65922014783 -4.35574771343 1.64055173361|
|255|109.778499777|-8.15672781517 34.1715940574 11.1958830268|5.99376949862 -3.9289013035 1.08715746354 -3.9289013035 4.13989752739 -1.75417600639 1.08715746354 -1.75417600639 0.899039703543|
|256|54.77873145|-16.4280662169 43.3138292189 1.30018605858|0.00441071566751 -0.0302867897001 -0.0338214732299 -0.0302867897001 0.29194243346 0.322344263126 -0.0338214732299 0.322344263126 0.377424255558|
|257|41.1143996269|-8.34969131902 49.4302403134 16.9832130218|0.193324934675 -0.298773957637 0.12559589633 -0.298773957637 0.476009071786 -0.199682896555 0.12559589633 -0.199682896555 0.0849421011051|
|258|113.357026225|-22.4104758695 53.651632311 13.9083629274|2.9388056969 -1.88356942566 3.64465218948 -1.88356942566 1.31247160041 -2.27732169564 3.64465218948 -2.27732169564 4.6212636073|
|259|13.7400614195|-20.5500850677 47.2582550049 5.04595327377|0.001 -3.15544362088e-29 7.57306469012e-29 -3.15544362088e-29 0.001 1.35525271561e-20 0.0 -1.28065632811e-20 0.001|
|260|13.7400614195|-6.88111305237 39.1330070496 10.3967781067|0.001 3.14591018815e-15 -2.60037608913e-16 3.14591018815e-15 0.000995953654162 8.13151629364e-20 -2.60037608913e-16 8.1358068069e-20 0.000995953654162|
|261|54.9602296166|-13.5208228386 46.4229362428 5.84780546677|1.58173950104 0.903578014878 -0.664839991849 0.903578014878 0.522438011039 -0.384314833107 -0.664839991849 -0.384314833107 0.328365741061|
|262|321.616086511|-12.9886021063 46.0054034543 28.3119419967|18.5336231714 -6.75505559723 4.63004970795 -6.75505559723 3.59722848509 -1.15708638965 4.63004970795 -1.15708638965 1.82055586106|
|263|109.920647134|-8.31246068526 40.1800576355 12.4130484424|1.04354708152 0.140069068837 1.73349707701 0.140069068837 0.083963234525 0.327011787396 1.73349707701 0.327011787396 3.28834988392|
|264|13.74006137|-23.462852478 32.9679908752 9.84670066833|0.001 1.12680844018e-14 -2.7664906198e-15 1.12680844018e-14 0.000991031220773 1.35525271561e-19 -2.7664906198e-15 1.61619724985e-19 0.000991031220773|
|265|54.9610114274|-20.4161512622 40.6626660066 16.5079855797|0.249101756583 0.206938711925 0.393597443135 0.206938711925 0.175112024471 0.329567154494 0.393597443135 0.329567154494 0.626605089106|
|266|120.358894089|2.87758815485 23.3054172626 18.9402839769|2.16115978602 2.88723821899 2.20624528134 2.88723821899 3.95705787393 2.8908298004 2.20624528134 2.8908298004 2.51998941642|
|267|0.0073806809756|-14.3409128188 35.5939674376 6.83869218823|0.000999999889369 2.13568450276e-08 -1.76570189009e-09 2.13568450276e-08 0.000995848961089 -9.08443142217e-12 -1.76570189009e-09 -9.08443141224e-12 0.00099584885196|
|268|96.0839500574|-10.9572523049 37.8199858227 8.68062784506|0.221971490858 -1.39717299091 1.69170561929 -1.39717299091 10.003897987 -11.9459210516 1.69170561929 -11.9459210516 14.293454778|
|269|13.7400611861|2.07123446465 44.627784729 18.856836319|0.001 -2.52435489671e-29 0.0 -2.52435489671e-29 0.001 0.0 0.0 2.67131649164e-23 0.001|
|270|27.4801032428|-21.25462251 28.8319769747 8.73753927801|0.0191101858032 -0.0276799223851 0.00615329511693 -0.0276799223851 0.0432472783439 -0.00939512740234 0.00615329511693 -0.00939512740234 0.00306903496408|
|271|219.877263742|-29.8711004821 27.379113776 9.60398972222|7.0224632928 6.89185916676 3.47202788015 6.89185916676 7.1552036404 3.30949262486 3.47202788015 3.30949262486 2.25126087342|
|272|41.2174673382|-19.598226683 28.1989778276 2.25618967184|0.417630974716 -0.0232619676701 0.492521579308 -0.0232619676701 0.00306490576751 -0.0192066223495 0.492521579308 -0.0192066223495 0.672997246855|
|273|13.7388750694|-20.3683490753 33.2069129944 10.8958129883|0.001 -7.82550017979e-28 0.0 -3.78653234506e-28 0.001 5.42101086243e-20 -5.04870979341e-29 -5.30526614472e-20 0.001|
|274|295.697829395|-20.8965435551 23.3974164856 9.3765950476|6.76825263529 5.99990558723 -0.594571315652 5.99990558723 9.62476517796 -2.31208313553 -0.594571315652 -2.31208313553 1.13080200838|
|275|219.15864064|-22.6484031458 49.5346217463 24.8012991544|29.6682785207 18.5913716952 1.70719321742 18.5913716952 11.7878841459 1.03101690925 1.70719321742 1.03101690925 0.466405778186|
|276|13.74004376|-16.6890659332 49.9129447937 6.77305078506|0.001 1.17698047059e-27 -1.00974195868e-28 7.76239130737e-28 0.001 -2.71050543121e-20 -2.52435489671e-29 2.77234379677e-20 0.001|
|277|95.0373984471|-15.6795449897 32.9136320519 0.827616838577|0.914657994126 1.15611484642 1.35517977487 1.15611484642 1.51280123675 1.85947369802 1.35517977487 1.85947369802 2.79186314017|
|278|13.7400612396|-17.8953437805 48.1848220825 -8.48716449738|0.001 9.88495025749e-15 8.17079533569e-16 9.88495025749e-15 0.000995953654162 -4.06575814682e-20 8.17079533569e-16 -5.34504092139e-20 0.000995953654162|
|279|13.7400614195|-24.1667766571 44.5630989075 2.34843683243|0.001 6.7842037849e-28 1.26217744835e-29 6.7842037849e-28 0.001 0.0 2.52435489671e-29 4.25004011259e-22 0.001|
|280|391.067777573|3.06148349826 27.5786913999 12.7057496577|20.9957074328 0.91518076402 0.971664973247 0.91518076402 1.0269650575 -1.11768855472 0.971664973247 -1.11768855472 1.75268596475|
|281|137.400400705|-18.9934268193 49.9969390097 1.78240056787|0.111653576716 0.0422628488798 0.0719023605989 0.0422628488798 0.0781031943472 0.0326335916379 0.0719023605989 0.0326335916379 0.222179146155|
|282|27.4801221296|-26.3141956335 38.7784862524 -5.33051633874|0.016241103308 -0.0160548239066 0.00965942749574 -0.0160548239066 0.0178243783826 -0.0101435844407 0.00965942749574 -0.0101435844407 0.00705358107524|
|283|13.7400614126|-27.2544651031 27.9336471558 -0.66450625658|0.001 3.56336629232e-17 1.85586055784e-19 3.5633662924e-17 0.000999984000768 -6.77626357803e-21 1.8558605578e-19 -6.85710679491e-21 0.000999984000768|
|284|137.296336225|-19.3535271162 35.209449089 3.98042062187|0.292316371561 0.0996404068775 0.310754423397 0.0996404068775 0.216400037551 0.315638424156 0.310754423397 0.315638424156 0.656430431868|
|285|13.740061399|-14.4653768539 37.6910018921 4.8228354454|0.001 -2.99767143984e-28 0.0 -2.99767143984e-28 0.001 0.0 -2.52435489671e-29 2.95021975513e-22 0.001|
|286|27.4795841405|-21.9530991012 55.863247014 7.20567342054|3.65800812395 2.0758345823 1.42483672204 2.0758345823 1.1792110131 0.80877074415 1.42483672204 0.80877074415 0.556061466906|
|287|141.435430829|11.8645376622 35.9068045254 13.229026053|16.411370738 -1.58527860588 7.56150357894 -1.58527860588 0.836334574843 -1.1115733662 7.56150357894 -1.1115733662 3.71738777802|
|288|27.4797716862|-15.3409491632 45.444247903 5.60953855459|0.0112717162432 -0.073214299736 -0.176741546919 -0.073214299736 0.522881884604 1.25983798091 -0.176741546919 1.25983798091 3.04228795386|
|289|109.434146325|-19.4985212859 33.5011083988 15.535731005|0.496431260731 -0.516631874813 -0.663213067403 -0.516631874813 0.610804811947 0.749665341085 -0.663213067403 0.749665341085 1.02271770807|
|290|27.3706181051|-0.575800964098 48.3930349031 16.4038377377|0.195959911203 -0.413565891899 1.4644404873 -0.413565891899 0.87781826162 -3.10499409382 1.4644404873 -3.10499409382 10.9955513929|
|291|13.7399890456|-15.1613759995 31.1778640747 13.1319379807|0.001 6.18458727042e-15 -5.11211442708e-16 6.18458727042e-15 0.000995953654162 1.08420217249e-19 -5.11211442708e-16 5.49013826604e-20 0.000995953654162|
|292|235.299351029|3.77272761883 25.0463960322 23.8333995311|13.6231468592 -3.96858517975 -12.5425245944 -3.96858517975 1.23524524544 3.56334119896 -12.5425245944 3.56334119896 12.7178752191|
|293|0.179555109959|-12.1812543869 40.1025772095 16.537109375|0.000999999999999 -1.40585889499e-10 -2.26989840292e-11 -1.40585889499e-10 0.00098437970728 2.0410105897e-16 -2.26989840292e-11 2.04160317044e-16 0.000984379707278|
|294|335.853511492|10.9344080754 31.9599231564 28.5591121884|7.0697107374 6.53842375867 5.35222979394 6.53842375867 14.7759691813 7.77092267122 5.35222979394 7.77092267122 5.28659038807|
|295|270.3996502|12.1879487872 43.3580323699 25.3549094154|2.61554330528 0.488004481326 -6.82364259988 0.488004481326 1.14910349498 -0.485747325458 -6.82364259988 -0.485747325458 19.3821306808|
|296|27.4787905844|11.3992032194 37.9065710686 25.2606447838|2.92507595915 -2.34192709325 2.27497255441 -2.34192709325 1.87669957553 -1.82205903696 2.27497255441 -1.82205903696 1.77098123159|
|297|27.4801149371|-20.8175050419 42.1961932183 -1.46336893954|0.628736967102 2.06030324027 -0.270992621306 2.06030324027 6.75975051862 -0.889008428149 -0.270992621306 -0.889008428149 0.117640110554|
|298|27.4799254327|-15.4185617801 37.8403496547 2.46245211642|0.0211763044159 0.11277442204 0.0287574609759 0.11277442204 0.624731732414 0.159094766885 0.0287574609759 0.159094766885 0.0413627007539|
|299|13.740061342|-19.2961368561 57.1356430054 20.1389904022|0.001 -5.30114528309e-28 -1.00974195868e-28 2.77679038638e-28 0.001 -5.42101086243e-20 -1.00974195868e-28 5.7230349647e-20 0.001|
|300|54.9460350521|-9.04329833062 30.5215123354 19.2697055476|1.57265784278 1.00217310668 0.95280536648 1.00217310668 0.675916144978 0.518957045408 0.95280536648 0.518957045408 0.866883974977|
|301|54.9476948073|-25.3720376369 40.8833660218 -4.38202343981|1.96020226246 2.71894154252 0.568807224252 2.71894154252 3.7901095357 0.788408381093 0.568807224252 0.788408381093 0.166384177475|
|302|1.20136376619|-15.209561348 30.0568809509 13.1637430191|0.001 -5.93731529033e-12 -4.79319174032e-13 -5.93731529033e-12 0.000984379707588 1.08420217249e-19 -4.79319174032e-13 8.91209437626e-20 0.000984379707588|
|303|13.7273955309|-5.20174121857 35.498374939 17.1333274841|0.001 1.38839519319e-28 0.0 3.78653234506e-29 0.001 0.0 -5.04870979341e-29 1.35399498772e-22 0.001|
|304|27.479835358|-11.9933601195 33.0234745833 9.54107784345|0.0110296686781 -0.0699626190404 0.0832501114555 -0.0699626190404 0.468397555025 -0.556699396148 0.0832501114555 -0.556699396148 0.663165194576|
|305|13.7400614195|-22.0605258942 36.6266746521 16.3498497009|0.001 3.9271658953e-14 -6.34079822672e-15 3.9271658953e-14 0.000984379707588 1.08420217249e-19 -6.34079822672e-15 1.07766616126e-19 0.000984379707588|
|306|95.1814179643|-19.2865706383 36.0078197945 14.8480844197|3.43756854401 -2.07677987531 3.17689679547 -2.07677987531 1.29624248859 -1.91289378483 3.17689679547 -1.91289378483 3.04082902829|
|307|41.2192211505|-26.7228984205 33.3742727919 5.09837328987|1.56294747759 0.81331757255 1.65991521603 0.81331757255 0.604319158299 0.732172735448 1.65991521603 0.732172735448 1.86215640565|
|308|221.86978535|-20.99328978 48.8771833515 27.1873975114|49.4306995293 11.0918670051 26.3501173331 11.0918670051 2.54617744877 6.11123722437 26.3501173331 6.11123722437 15.8827294979|
|309|156.632959582|-2.61910944678 31.9654124815 11.5797578697|4.51545423603 1.53946710492 -3.85447784345 1.53946710492 1.87427303455 -2.70164987105 -3.85447784345 -2.70164987105 4.80341736681|
|310|220.730875203|-30.1418418711 28.8165970815 19.0658820507|6.09547876053 1.94950589936 2.67123329317 1.94950589936 0.696505639267 0.934690682475 2.67123329317 0.934690682475 1.52235902588|
|311|68.6839351605|-17.3291740598 38.790003265 28.6984123704|55.2495785482 -30.6695834159 -5.28030134583 -30.6695834159 17.0334421676 2.93882486076 -5.28030134583 2.93882486076 0.520591155964|
|312|109.492568583|2.90907141332 52.0096702979 11.7431857393|0.81614579151 -0.351930009791 -3.87165174904 -0.351930009791 0.177402320778 1.71816825326 -3.87165174904 1.71816825326 20.4841395376|
|313|261.375666357|-15.5804406287 44.7609987282 2.64459100857|0.229717350386 1.14645695787 0.731585426565 1.14645695787 30.612677677 19.7705481477 0.731585426565 19.7705481477 12.8826447497|
|314|27.4762115099|-19.1464716703 32.8188427496 16.0564853594|5.01778286618 -6.57473703042 5.43500136708 -6.57473703042 8.61751145212 -7.12283264031 5.43500136708 -7.12283264031 5.88908418624|
|315|68.5735485474|-25.3305558531 50.2037009451 3.7288400484|0.585763137257 -0.535062963612 0.195869753753 -0.535062963612 0.55905662083 -0.188267825771 0.195869753753 -0.188267825771 0.090216986326|
|316|13.7400580966|-32.754486084 37.6974525452 1.93255889416|0.001 4.40973246019e-28 1.26217744835e-29 4.40973246019e-28 0.001 6.77626357803e-21 1.26217744835e-29 -6.30627025993e-21 0.001|
|317|54.8412294732|2.40164493603 39.0916250494 24.5111480778|0.338451954108 0.00466359193781 1.13084522225 0.00466359193781 0.0528882415588 -0.0285741628926 1.13084522225 -0.0285741628926 3.94106596846|
|318|193.046614608|-30.2041104829 35.8583559478 18.6941293467|14.1961014941 -7.40398462629 10.5959376421 -7.40398462629 5.47569213388 -5.63763683436 10.5959376421 -5.63763683436 7.95067659638|
|319|145.163541979|-17.3680549717 53.0463631645 -0.838780531799|17.9603392197 -3.44579970041 -1.78071251242 -3.44579970041 0.804861450366 0.616266860021 -1.78071251242 0.616266860021 0.977420471835|
|320|55.5673076893|-8.68975913722 49.186533677 24.2620980812|31.6979805289 -1.32645769138 1.35373539581 -1.32645769138 0.22008938106 0.0528539958719 1.35373539581 0.0528539958719 0.132214738143|
|321|109.103746491|13.8280432567 41.5550065718 13.3531189048|2.7143663596 -2.32614113902 5.10822563061 -2.32614113902 3.68937849104 -6.78922107456 5.10822563061 -6.78922107456 13.2698041354|
|322|27.4800658516|-6.12691662492 52.6328000756 24.3647916977|0.126069496835 -0.168081425275 -0.0265468182296 -0.168081425275 0.226870472418 0.035674713944 -0.0265468182296 0.035674713944 0.00662858904054|
|323|13.7400264089|-16.6846885681 44.4241523743 1.72361946106|0.001 1.43533783129e-16 -1.49495223268e-18 1.43533783129e-16 0.000999936012285 1.35525271561e-20 -1.49495223266e-18 1.02559427237e-20 0.000999936012285|
|324|0.61203537651|-10.4739122391 37.1067848206 17.888879776|0.001 -1.98183100508e-11 -1.59993120457e-12 -1.98183100508e-11 0.000984379707582 2.0057740191e-18 -1.59993120457e-12 1.95015742371e-18 0.000984379707582|
|325|271.450954456|-23.5753543808 54.9404336591 26.8684322188|9.86729187534 -2.56825449422 -10.7849007896 -2.56825449422 2.22290764718 0.367327657262 -10.7849007896 0.367327657262 16.2078237165|
|326|241.092799574|-12.2233777035 27.7695586375 0.609696802599|8.57356876253 -3.73978868971 0.447923565033 -3.73978868971 2.12131158416 -0.554952819692 0.447923565033 -0.554952819692 0.429742450102|
|327|165.736936711|-24.8152300349 50.738478498 16.402354208|2.01603559999 2.41264042034 -6.54720218595 2.41264042034 3.53632668778 -8.98410197159 -6.54720218595 -8.98410197159 23.6898241611|
|328|201.543075619|-25.5721690868 32.2736198774 -1.6999333439|3.15241275298 -10.5620195389 2.91644318006 -10.5620195389 37.7304645468 -10.5644643509 2.91644318006 -10.5644643509 3.12761435522|
|329|0.000845064232081|-26.4342632284 39.6295204148 -1.39407432074|0.00100011599018 3.53900647629e-08 -7.35166332776e-10 3.53900647629e-08 0.00100001085265 2.40845255715e-09 -7.35166332775e-10 2.40845255714e-09 0.00100012674276|
|330|56.1124630586|-15.9560911416 41.54528557 28.091899555|44.5200480119 -32.8843323763 -14.9341223802 -32.8843323763 27.1969921649 10.7188833849 -14.9341223802 10.7188833849 5.04486694154|
|331|77.7428940043|-23.6859740209 36.1599706549 15.1513377168|37.0243124712 -2.60160685652 6.89697763025 -2.60160685652 1.30113150696 -0.0230147522489 6.89697763025 -0.0230147522489 1.4794022546|
|332|41.2189844207|-23.2899940093 49.8289065767 11.8228479924|0.390311846023 -0.228985013797 0.458609801085 -0.228985013797 0.162740908029 -0.276574213577 0.458609801085 -0.276574213577 0.542966815196|
|333|0.000757297101771|-14.3409128183 35.5939674363 6.83869218799|0.001 -8.6998019765e-19 -1.62554329138e-19 -8.6998019765e-19 0.001 3.7947076037e-19 -1.62630325873e-19 4.09963946471e-19 0.001|
|334|337.064240506|2.85171415336 56.1063467653 20.5456998644|15.7615615371 -10.3052034068 -17.0929924118 -10.3052034068 6.95291177918 11.4063228504 -17.0929924118 11.4063228504 19.0421609813|
|335|144.526021339|-15.6451111446 26.8895672804 1.6039706759|13.1532092102 18.961063379 15.4107495486 18.961063379 27.5138957928 22.2821314564 15.4107495486 22.2821314564 18.1072132957|
|336|168.991621889|-0.944978440731 36.2530902558 26.3263836523|20.608637036 -13.7964554334 -7.96130016069 -13.7964554334 9.72016379107 5.33745102657 -7.96130016069 5.33745102657 3.17358445776|
|337|13.7400614029|-5.56298112869 40.0954437256 25.1949234009|0.001 -8.87908916086e-14 -1.31723333601e-14 -8.87908916086e-14 0.000945056912532 -1.08420217249e-19 -1.31723333601e-14 -5.13300661557e-20 0.000945056912532|
|338|123.580262938|-6.42626826527 33.6688792891 18.2983593021|0.93200023032 -1.12671219517 -0.246033719435 -1.12671219517 1.58253636693 0.372365944662 -0.246033719435 0.372365944662 0.120282451568|
|339|27.4798055657|0.214351674118 33.2760546732 26.918143612|3.61483287699 0.355575206963 -0.945862398894 0.355575206963 0.0359243945485 -0.093192472401 -0.945862398894 -0.093192472401 0.248283193617|
|340|27.4780436312|-31.9184548561 39.315924214 -2.30373499367|0.022364670002 -0.0219377768594 0.00416117689845 -0.0219377768594 0.0234379830237 -0.00426275800002 0.00416117689845 -0.00426275800002 0.00175860193403|
|341|27.4801225803|-3.90639889608 43.5461235043 13.2134785641|0.143932159956 0.00414943768236 0.0531197012306 0.00414943768236 0.00101939548179 0.00153258921162 0.0531197012306 0.00153258921162 0.0206080074233|
|342|27.4758036443|-22.5372717215 41.0597756719 5.0098014607|1.39338369128 -0.273011437505 -0.568809782206 -0.273011437505 0.0544747758718 0.111357968661 -0.568809782206 0.111357968661 0.232834997842|
|343|64.6346429661|-22.5736211551 47.0589648886 -1.91142069543|0.159377676344 0.757046688749 0.833206617421 0.757046688749 4.47558302499 4.76327767212 0.833206617421 4.76327767212 5.10147846168|
|344|102.947268258|-16.3936732505 31.7418969012 21.8582744862|14.9573695795 -4.27092322652 2.94522369346 -4.27092322652 1.62821678363 -1.12289761397 2.94522369346 -1.12289761397 0.799830197034|
|345|120.97098925|-6.51842834305 57.7752551557 19.0082371558|8.37533887826 -4.11145342912 -1.18619673228 -4.11145342912 2.1739355804 0.917463276348 -1.18619673228 0.917463276348 3.26069698364|
|346|200.764436317|-26.7934553526 42.9479945774 19.8994269983|0.425973564039 -0.0390083555162 0.906766075684 -0.0390083555162 0.644465852858 -1.34922213817 0.906766075684 -1.34922213817 4.62672779831|
|347|13.7399228474|-11.1134366989 34.8981895447 11.737786293|0.001 -5.71893159353e-15 -9.39570000524e-16 -5.71893159353e-15 0.000992873529867 -1.35525271561e-19 -9.39570000524e-16 -1.34825355481e-19 0.000992873529867|
|348|26.2795884458|-25.9875059964 40.0684145397 -0.986603031565|0.213903122439 -0.119386896371 -0.0580032471869 -0.119386896371 0.0679470253286 0.0325257213651 -0.0580032471869 0.0325257213651 0.016802381873|
|349|101.458923471|2.15089738801 39.4895992927 6.26696844655|24.7567439677 8.25596793358 6.31537381568 8.25596793358 3.19349988445 1.76751854566 6.31537381568 1.76751854566 1.8778778522|
|350|4.39610133582e-06|-26.4342630459 39.6295201412 -1.39407431112|0.000999444944826 -1.68020409219e-07 2.05125212166e-09 -1.68020409219e-07 0.000999949048459 -6.77529838048e-09 2.05125212167e-09 -6.77529838049e-09 0.000999394158606|
|351|13.7400613962|-6.03283882141 30.6084308624 27.8380451202|0.001 0.0 0.0 -1.00974195868e-28 0.001 0.0 0.0 3.44515940759e-22 0.001|
|352|0.446124605552|-21.3768444061 41.5270652771 9.3017950058|0.001 -9.99058876844e-12 -8.25811501195e-13 -9.99058876844e-12 0.000995953654138 2.0057740191e-18 -8.25811501195e-13 1.98277966884e-18 0.000995953654138|
|353|210.940787998|3.97626035079 53.4994465688 15.8251878702|6.30041981794 -10.5216740949 1.68833909065 -10.5216740949 17.6687625449 -2.77398376689 1.68833909065 -2.77398376689 3.91607821245|
|354|27.4801030424|1.62992458786 34.6638812869 16.9262745311|0.00054109432046 -0.00304130352565 0.00332135079579 -0.00304130352565 0.0763046789195 -0.0818912250332 0.00332135079579 -0.0818912250332 0.0888882522668|
|355|287.23999724|-0.361249121793 49.4272551131 7.49283827308|0.736588431369 -2.71549655617 -2.14734667387 -2.71549655617 39.8235178436 8.05259482778 -2.14734667387 8.05259482778 7.11204539453|
|356|171.965129876|-5.78030528621 48.9655270873 27.3173959679|0.14352647096 -2.00267453134 0.720008673031 -2.00267453134 42.6286704408 -14.4538686024 0.720008673031 -14.4538686024 5.03813324811|
|357|27.4801223727|-12.1806091813 35.2517223387 14.600976495|7.00065267905 0.451956836528 4.34264323262 0.451956836528 0.0301821596657 0.280397812231 4.34264323262 0.280397812231 2.69521228603|
|358|54.0803948133|-3.2577214505 52.7062126377 22.1532339512|14.2991058846 6.74010431393 1.65258209783 6.74010431393 3.23088565176 0.755150584019 1.65258209783 0.755150584019 0.204040731722|
|359|13.7400610019|-17.5773715973 32.1314353943 14.4639978409|0.001 1.7670484277e-28 -2.01948391737e-28 1.7670484277e-28 0.001 0.0 -2.01948391737e-28 1.12121329952e-21 0.001|
|360|208.670529611|-15.793956099 48.2932114382 -7.26017619249|19.0275946763 12.0940773339 -10.4465169804 12.0940773339 10.1355307481 -6.12108264656 -10.4465169804 -6.12108264656 6.24984947105|
|361|9.28971241939e-06|-5.20174120148 35.4983748224 17.1333274279|0.000999426577067 -3.58018723053e-08 -8.16694393255e-09 -3.58018723053e-08 0.000999969285412 1.24336347134e-07 -8.16694393256e-09 1.24336347134e-07 0.000999452588432|
|362|216.613549349|0.169975030422 39.319191903 11.6156841282|1.14658029513 -1.50417835038 0.367603377952 -1.50417835038 2.14766860507 -0.518240780514 0.367603377952 -0.518240780514 0.21130373642|
|363|27.4733146793|0.245110738803 38.9853123144 15.5371082419|1.96182902495 -1.40734171539 1.01479781782 -1.40734171539 1.01108842621 -0.728348715536 1.01479781782 -0.728348715536 0.526193475795|
|364|13.7383018205|-26.4342632294 39.6295204163 -1.39407432079|0.001 -3.86541843558e-28 1.51461293802e-28 -3.84964121748e-28 0.001 6.77626357803e-21 7.57306469012e-29 4.20338029407e-21 0.001|
|365|296.182934102|-17.4050604742 34.8398154031 28.7293450021|4.30572993644 1.92017115484 8.11081497031 1.92017115484 1.31228645752 3.84275876746 8.11081497031 3.84275876746 17.6648338173|
|366|0.256411768014|-16.7975971314 39.4698454384 15.1636282336|0.439342098509 0.0968845327341 0.1014630742 0.0968845327341 0.022393277066 0.0224250318556 0.1014630742 0.0224250318556 0.0244655002332|
|367|96.3542024282|-17.1301251453 30.9779013218 18.8834976838|0.0674083446968 0.105448099404 0.0587238104958 0.105448099404 0.240908460229 0.157888365366 0.0587238104958 0.157888365366 0.147136006294|
|368|13.740028691|-14.0726003647 53.4682922363 8.63069248199|0.001 2.0531482936e-15 -8.53731799689e-17 2.0531482936e-15 0.000998979135029 2.71050543121e-20 -8.5373179969e-17 6.80844501157e-20 0.000998979135029|
|369|13.7400528464|-19.0216789246 41.0945625305 9.26572799683|0.001 4.23807326555e-12 -2.57791932603e-11 4.23807326555e-12 0.000983808628483 -6.83047368666e-18 -2.57791932603e-11 -6.81214650866e-18 0.000983808628483|
|370|41.218498992|-4.62712005312 52.3977035956 15.0197895569|2.61081503916 -2.29166501804 0.735308133655 -2.29166501804 2.11096128312 -0.670824533386 0.735308133655 -0.670824533386 0.214649869016|
|371|41.2198874722|-3.10562624024 33.3855182678 14.5310868209|3.44759249401 3.88078334024 4.00851841134 3.88078334024 4.38662671959 4.53093350871 4.00851841134 4.53093350871 4.68211162157|
|372|13.7400591598|-20.641412735 28.9413070679 10.155374527|0.001 -4.54383881407e-28 5.04870979341e-29 -4.54383881407e-28 0.001 0.0 -5.04870979341e-29 9.27828644138e-22 0.001|
|373|343.32152659|-6.05413487706 26.766381145 22.2671800092|4.60348372868 -3.52269018549 -4.82895500579 -3.52269018549 4.06830732143 7.56601776399 -4.82895500579 7.56601776399 17.9545904657|
|374|330.300866894|17.0399480561 41.1459207979 23.4606582033|3.10775622827 0.37079488463 -0.728212829433 0.37079488463 0.617898789315 -0.0379587700526 -0.728212829433 -0.0379587700526 2.68732148349|
|375|233.48673239|8.5177513903 50.8472602789 23.4108176055|0.966265691099 -1.99322540585 1.59854309961 -1.99322540585 4.73698611466 -3.72203718594 1.59854309961 -3.72203718594 3.1138724629|
|376|142.165523585|-29.3541822108 34.6736594016 19.2771854996|8.80571990247 17.820210904 3.0796398306 17.820210904 48.2346051595 6.98812043605 3.0796398306 6.98812043605 1.12933227291|
|377|332.259114663|-25.4490400865 37.380881541 22.8141392237|5.03565154554 1.81207780128 5.91557607659 1.81207780128 27.7070378093 -4.65192069406 5.91557607659 -4.65192069406 8.81345449203|
|378|98.0998522629|-4.76835681185 34.1956832413 19.4450825091|6.54402002755 0.870790150096 6.68840076307 0.870790150096 0.244447471543 0.449503992251 6.68840076307 0.449503992251 8.68210180499|
|379|143.870380848|-5.13732449485 42.3263761479 20.4945910904|1.30651518598 -1.19355693588 0.544591757272 -1.19355693588 1.13813849604 -0.478612138708 0.544591757272 -0.478612138708 0.466702643719|
|380|54.9602456692|-15.8949387073 43.0569791794 14.0996418|0.040674797414 0.0433935240737 0.0743950011071 0.0433935240737 0.0571723894153 0.0870287612769 0.0743950011071 0.0870287612769 0.147711557548|
|381|191.073565713|5.18342138357 49.0167955983 8.38215444055|2.55567653347 2.34616532763 -2.68027413919 2.34616532763 2.28653671473 -2.52637230495 -2.68027413919 -2.52637230495 3.11716372508|
|382|137.963994282|-28.3695839446 41.4369849113 5.29439379503|0.645053085299 2.19742988575 -1.90620302657 2.19742988575 8.03961422805 -6.94659207117 -1.90620302657 -6.94659207117 6.49417689449|
|383|13.739155105|-18.9224872589 41.2459831238 8.9979429245|0.001 -4.78498708335e-11 -7.09863859277e-12 -4.78498708335e-11 0.00094505691253 6.01732205729e-18 -7.09863859277e-12 6.01469824202e-18 0.00094505691253|
|384|245.981469812|-5.81917782259 28.1838835741 12.411172607|3.90209331569 4.05497726912 0.846991829671 4.05497726912 4.76651059259 0.0851365514959 0.846991829671 0.0851365514959 1.82472752134|
|385|39.7067636802|-23.900000718 53.2048238707 11.8255737791|0.194105501882 0.999829778154 0.354086951884 0.999829778154 5.20569727561 1.8478214847 0.354086951884 1.8478214847 0.657781945585|
|386|1.53824317818e-06|-21.3768439821 41.5270644535 9.30179482131|0.000991741495962 -1.93700701726e-06 -1.87414024339e-07 -1.93700701726e-06 0.000999464834409 7.91636074221e-07 -1.87414024339e-07 7.91636074221e-07 0.000991359518086|
|387|40.9344645416|-18.8955628024 47.4947265778 9.23523985463|0.0368732637519 -0.152773542307 0.139599982653 -0.152773542307 3.14707581412 -2.39569895722 0.139599982653 -2.39569895722 1.84431751019|
|388|41.0319278578|-16.3974318401 46.0443930166 20.2895684446|0.602810845683 1.95311178057 -0.0753290069887 1.95311178057 10.5783253957 -1.59189678882 -0.0753290069887 -1.59189678882 0.438755516981|
|389|137.97302191|0.535754597929 38.5378055611 17.3175412024|0.309552328921 -0.389049395254 1.00619627289 -0.389049395254 1.45853601969 -3.15006908444 1.00619627289 -3.15006908444 7.00927025144|
|390|54.7009600503|-9.96373654741 52.7721919584 15.4492743941|12.6138917052 6.56343043444 -2.73811599685 6.56343043444 3.41649828572 -1.42604836512 -2.73811599685 -1.42604836512 0.62248654204|
